3,
4,
4,
4,
4,
6,
16,
16,
5,
16,
8,
16,
16,
16,
16,
16,
16,
1,
16,
16,
16,
16,
16,
16,
16,
16,
16,
16,
16,
16,
16,
16,
16,
16,
16,
16,
16,
16,
16,
16,
16,
16,
16,
16,
16,
16,
16,
16,
16,
16,
16,
16,
16,
16,
16,
16,
16,
16,
16,
16,
16,
16,
16,
16,
16,
16,
16,
16,
16,
16,
16,
16,
16,
16,
16,
16,
16,
16,
16,
16,
16,
16,
16,
16,
16,
16,
16,
16,
16,
16,
16,
16,
16,
16,
16,
16,
16,
16,
16,
16,
16,
16,
16,
16,
16,
16,
16,
16,
16,
16,
16,
16,
16,
16,
16,
16,
16,
16,
16,
16,
16,
16,
16,
16,
16,
16,
16,
16,
16,
16,
16,
16,
16,
16,
16,
16,
16,
16,
16,
16,
16,
16,
16,
16,
16,
16,
16,
16,
16,
16,
16,
16,
16,
16,
16,
16,
16,
16,
16,
16,
16,
16,
16,
16,
16,
16,
16,
16,
16,
16,
16,
16,
16,
16,
6,
16,
16,
16,
16,
16,
16,
16,
16,
16,
16,
16,
7,
16,
16,
16,
16,
16,
16,
16,
16,
16,
16,
16,
16,
16,
16,
16,
16,
16,
16,
16,
16,
16,
16,
16,
16,
16,
16,
16,
16,
16,
16,
16,
16,
16,
16,
16,
16,
16,
16,
16,
16,
16,
16,
16,
16,
16,
16,
16,
16,
16,
16,
16,
16,
16,
16,
15,
15,
15,
15,
15,
15,
15,
15,
15,
15,
15,
15,
15,
5,
6,
