6,
19,
1,
4,
8,
19,
19,
19,
8,
19,
19,
19,
19,
19,
19,
19,
19,
19,
19,
19,
19,
19,
19,
19,
6,
19,
19,
19,
19,
19,
19,
19,
19,
19,
4,
19,
19,
19,
19,
19,
19,
19,
19,
19,
19,
19,
19,
19,
19,
19,
11,
7,
19,
19,
19,
19,
9,
19,
19,
19,
10,
19,
19,
19,
19,
19,
19,
19,
19,
19,
3,
19,
19,
19,
19,
19,
19,
19,
19,
19,
19,
19,
19,
19,
19,
19,
19,
19,
9,
19,
19,
19,
19,
19,
19,
19,
19,
19,
19,
19,
19,
19,
19,
19,
10,
19,
19,
19,
19,
19,
19,
19,
10,
19,
19,
19,
19,
19,
19,
19,
19,
19,
19,
19,
19,
19,
19,
19,
10,
19,
19,
19,
19,
19,
19,
19,
19,
19,
19,
19,
19,
19,
19,
19,
19,
19,
10,
19,
19,
19,
19,
19,
19,
19,
19,
19,
10,
19,
19,
19,
19,
19,
19,
19,
10,
19,
19,
19,
19,
19,
10,
19,
19,
19,
4,
19,
19,
19,
19,
19,
19,
19,
19,
19,
19,
19,
19,
19,
19,
19,
19,
19,
19,
19,
19,
19,
19,
19,
19,
19,
19,
19,
19,
19,
19,
19,
19,
19,
4,
19,
19,
19,
19,
19,
19,
19,
19,
19,
19,
19,
19,
19,
5,
19,
19,
19,
19,
18,
18,
18,
18,
18,
10,
18,
18,
18,
18,
18,
18,
18,
18,
18,
18,
18,
18,
18,
18,
18,
18,
18,
18,
18,
18,
18,
5,
9,
