4,
7,
4,
6,
6,
8,
8,
7,
6,
6,
18,
18,
5,
4,
4,
5,
5,
5,
4,
18,
7,
18,
18,
18,
18,
18,
7,
18,
18,
18,
18,
18,
18,
18,
8,
18,
10,
18,
7,
18,
18,
18,
9,
18,
9,
18,
18,
18,
18,
18,
8,
6,
18,
18,
18,
18,
7,
18,
8,
18,
18,
18,
7,
18,
9,
18,
18,
18,
18,
18,
18,
18,
9,
18,
7,
18,
9,
18,
18,
18,
7,
18,
9,
18,
18,
4,
18,
18,
18,
18,
7,
18,
7,
18,
9,
18,
9,
18,
18,
18,
18,
18,
18,
18,
5,
18,
18,
18,
9,
18,
9,
18,
18,
18,
7,
18,
18,
18,
8,
18,
9,
18,
8,
18,
18,
18,
6,
18,
7,
18,
18,
18,
6,
18,
18,
18,
18,
18,
8,
17,
7,
17,
9,
17,
17,
17,
17,
17,
7,
17,
8,
17,
17,
17,
7,
17,
7,
17,
17,
17,
17,
17,
9,
17,
8,
17,
17,
17,
8,
17,
9,
17,
17,
17,
7,
17,
17,
17,
7,
17,
7,
17,
17,
17,
9,
17,
8,
17,
17,
17,
7,
17,
8,
17,
17,
17,
8,
17,
17,
17,
17,
17,
17,
17,
17,
17,
17,
17,
7,
17,
7,
17,
17,
17,
17,
17,
8,
17,
8,
17,
17,
17,
17,
17,
9,
17,
8,
17,
9,
17,
9,
17,
17,
17,
17,
17,
17,
17,
17,
17,
17,
17,
7,
17,
9,
17,
7,
17,
6,
17,
8,
17,
17,
17,
7,
5,
