6,
20,
2,
5,
2,
20,
20,
20,
2,
20,
20,
20,
20,
20,
20,
20,
20,
20,
20,
20,
20,
20,
20,
20,
7,
20,
20,
20,
20,
20,
20,
20,
20,
20,
5,
20,
20,
20,
20,
20,
20,
20,
20,
20,
20,
20,
20,
20,
20,
20,
12,
20,
20,
20,
20,
20,
10,
20,
20,
20,
11,
20,
20,
20,
20,
20,
20,
20,
20,
20,
4,
20,
20,
20,
20,
20,
20,
20,
20,
20,
20,
20,
20,
20,
20,
20,
20,
20,
10,
20,
20,
20,
20,
20,
20,
20,
20,
20,
20,
20,
20,
20,
20,
20,
11,
20,
20,
20,
20,
20,
20,
20,
11,
20,
20,
20,
20,
20,
20,
20,
20,
20,
20,
20,
20,
20,
20,
20,
11,
20,
20,
20,
20,
20,
20,
20,
20,
20,
20,
20,
20,
20,
20,
20,
20,
20,
11,
20,
20,
20,
20,
20,
20,
20,
20,
20,
11,
20,
20,
20,
20,
20,
20,
20,
11,
20,
20,
20,
20,
20,
11,
20,
20,
20,
5,
20,
20,
20,
20,
20,
20,
20,
20,
20,
20,
20,
20,
20,
20,
20,
20,
20,
20,
20,
20,
20,
20,
20,
20,
20,
20,
20,
20,
20,
20,
20,
20,
20,
5,
20,
20,
20,
20,
20,
20,
20,
20,
20,
20,
20,
20,
20,
6,
20,
20,
20,
20,
20,
19,
19,
19,
19,
11,
19,
19,
19,
19,
19,
19,
19,
19,
19,
19,
19,
19,
19,
19,
19,
19,
19,
19,
19,
19,
19,
6,
10,
