4,
17,
2,
9,
2,
17,
17,
17,
2,
17,
17,
17,
17,
17,
17,
17,
17,
17,
17,
17,
17,
17,
17,
17,
17,
17,
17,
17,
17,
17,
8,
17,
17,
17,
17,
17,
17,
17,
17,
17,
17,
17,
17,
17,
17,
17,
17,
17,
17,
17,
17,
17,
17,
17,
17,
17,
8,
17,
17,
17,
17,
17,
17,
17,
17,
17,
17,
17,
17,
17,
6,
17,
17,
17,
17,
17,
17,
17,
17,
17,
17,
17,
17,
17,
17,
17,
17,
17,
8,
17,
17,
17,
17,
17,
17,
17,
17,
17,
17,
17,
17,
17,
17,
17,
8,
17,
17,
17,
17,
17,
17,
17,
17,
17,
17,
17,
17,
17,
17,
17,
3,
17,
17,
17,
17,
17,
17,
17,
17,
17,
17,
17,
17,
17,
17,
17,
17,
17,
17,
17,
17,
17,
17,
17,
17,
17,
17,
17,
17,
17,
17,
17,
17,
17,
8,
17,
17,
17,
17,
17,
17,
17,
17,
17,
17,
17,
17,
17,
17,
17,
17,
17,
17,
17,
17,
17,
17,
17,
17,
17,
8,
17,
17,
17,
17,
17,
17,
17,
17,
17,
17,
17,
17,
17,
17,
17,
17,
17,
17,
17,
17,
17,
17,
17,
8,
17,
17,
17,
17,
17,
17,
17,
17,
17,
17,
17,
17,
17,
17,
17,
17,
17,
8,
17,
17,
17,
17,
17,
17,
17,
17,
17,
17,
17,
17,
16,
16,
16,
8,
16,
16,
16,
16,
16,
16,
16,
16,
16,
16,
16,
16,
16,
16,
16,
8,
8,
