3,
7,
4,
5,
3,
7,
7,
7,
3,
15,
15,
15,
15,
15,
15,
15,
15,
2,
15,
15,
7,
15,
15,
15,
7,
15,
15,
15,
15,
15,
15,
15,
15,
15,
7,
15,
15,
15,
7,
15,
7,
15,
15,
15,
15,
15,
15,
15,
15,
15,
15,
15,
15,
15,
15,
15,
15,
15,
15,
15,
15,
15,
15,
15,
15,
15,
15,
15,
15,
15,
15,
15,
15,
15,
15,
15,
15,
15,
15,
15,
15,
15,
15,
15,
15,
15,
15,
15,
7,
15,
15,
15,
15,
15,
15,
15,
15,
15,
15,
15,
15,
15,
15,
15,
15,
15,
15,
15,
15,
15,
15,
15,
15,
15,
15,
15,
15,
15,
15,
15,
15,
15,
15,
15,
15,
15,
15,
15,
15,
15,
15,
15,
15,
15,
15,
15,
15,
15,
15,
15,
15,
15,
15,
15,
15,
15,
15,
15,
15,
15,
15,
15,
15,
15,
15,
15,
15,
15,
15,
15,
15,
15,
15,
15,
7,
15,
15,
15,
15,
15,
15,
15,
15,
15,
6,
15,
15,
15,
15,
15,
15,
15,
15,
15,
15,
15,
15,
15,
15,
15,
15,
15,
15,
15,
15,
15,
15,
15,
15,
15,
15,
15,
15,
15,
15,
15,
15,
15,
6,
15,
15,
15,
15,
15,
15,
15,
15,
15,
15,
15,
15,
15,
7,
15,
15,
15,
15,
15,
15,
15,
14,
14,
14,
14,
14,
14,
14,
14,
14,
14,
14,
14,
14,
14,
14,
14,
14,
14,
14,
14,
7,
14,
14,
14,
6,
3,
