6,
19,
3,
10,
8,
19,
11,
7,
6,
6,
19,
19,
5,
4,
3,
7,
7,
7,
4,
19,
5,
19,
19,
19,
19,
19,
5,
19,
19,
19,
19,
19,
19,
19,
8,
19,
10,
19,
5,
19,
19,
19,
9,
19,
10,
19,
19,
19,
19,
19,
8,
7,
19,
19,
19,
19,
9,
19,
8,
19,
19,
19,
6,
19,
10,
19,
9,
19,
19,
19,
19,
19,
10,
19,
5,
19,
10,
19,
19,
19,
5,
19,
10,
19,
19,
19,
19,
19,
8,
19,
7,
19,
6,
19,
10,
19,
10,
19,
19,
19,
19,
19,
19,
19,
5,
19,
19,
19,
10,
19,
10,
19,
8,
19,
9,
19,
19,
19,
10,
19,
10,
19,
7,
19,
19,
19,
5,
19,
5,
19,
19,
19,
6,
19,
19,
19,
19,
19,
7,
18,
9,
18,
10,
18,
18,
18,
18,
18,
7,
18,
10,
18,
18,
18,
7,
18,
9,
18,
18,
18,
18,
18,
10,
18,
10,
18,
18,
18,
10,
18,
10,
18,
18,
18,
5,
18,
18,
18,
7,
18,
7,
18,
18,
18,
10,
18,
10,
18,
18,
18,
9,
18,
10,
18,
18,
18,
10,
18,
18,
18,
18,
18,
18,
18,
18,
18,
18,
18,
7,
18,
9,
18,
18,
18,
18,
18,
10,
18,
10,
18,
18,
18,
18,
18,
10,
18,
9,
18,
10,
18,
10,
18,
18,
18,
18,
18,
18,
18,
18,
18,
18,
18,
7,
18,
10,
18,
9,
18,
5,
18,
9,
18,
18,
18,
9,
9,
