6,
20,
5,
6,
2,
3,
4,
8,
2,
20,
20,
20,
10,
20,
20,
20,
20,
20,
20,
20,
9,
20,
20,
20,
7,
20,
20,
20,
20,
20,
20,
20,
9,
20,
20,
20,
20,
20,
8,
20,
20,
20,
20,
20,
20,
20,
20,
20,
8,
20,
9,
20,
20,
20,
20,
20,
8,
20,
20,
20,
20,
20,
9,
20,
6,
20,
20,
20,
20,
20,
20,
20,
20,
20,
20,
20,
20,
20,
20,
20,
9,
20,
8,
20,
20,
20,
9,
20,
20,
20,
20,
20,
20,
20,
6,
20,
20,
20,
20,
20,
8,
20,
20,
20,
20,
20,
6,
20,
9,
20,
20,
20,
20,
20,
20,
20,
8,
20,
20,
20,
20,
20,
9,
20,
9,
20,
20,
20,
20,
20,
7,
20,
20,
20,
8,
20,
9,
20,
20,
20,
8,
20,
20,
20,
20,
20,
9,
20,
8,
20,
8,
20,
20,
20,
7,
20,
20,
20,
20,
20,
9,
20,
9,
20,
9,
20,
20,
20,
7,
20,
20,
20,
20,
20,
20,
20,
6,
20,
9,
20,
7,
19,
19,
19,
19,
19,
19,
19,
9,
19,
19,
19,
19,
19,
9,
19,
9,
19,
19,
19,
19,
19,
8,
19,
8,
19,
19,
19,
19,
19,
19,
19,
19,
19,
19,
19,
8,
19,
19,
19,
9,
19,
19,
19,
19,
19,
19,
19,
19,
19,
19,
19,
8,
19,
9,
19,
19,
19,
7,
19,
19,
19,
5,
19,
8,
19,
19,
19,
9,
19,
19,
19,
8,
19,
12,
11,
