6,
8,
5,
7,
2,
3,
4,
9,
2,
19,
19,
19,
19,
19,
19,
19,
19,
5,
19,
19,
8,
19,
19,
19,
7,
19,
19,
19,
19,
19,
19,
19,
8,
19,
19,
19,
19,
19,
8,
19,
19,
19,
19,
19,
19,
19,
19,
19,
19,
19,
8,
19,
19,
19,
19,
19,
7,
19,
19,
19,
19,
19,
8,
19,
7,
19,
19,
19,
19,
19,
19,
19,
19,
19,
19,
19,
19,
19,
19,
19,
8,
19,
7,
19,
19,
19,
8,
19,
19,
19,
19,
19,
19,
19,
7,
19,
19,
19,
19,
19,
7,
19,
19,
19,
19,
19,
7,
19,
19,
19,
19,
19,
19,
19,
19,
19,
9,
19,
19,
19,
19,
19,
8,
19,
19,
19,
19,
19,
19,
19,
7,
19,
19,
19,
8,
19,
19,
19,
19,
19,
8,
19,
19,
19,
19,
19,
8,
19,
7,
19,
8,
19,
19,
19,
7,
19,
19,
19,
19,
19,
8,
19,
19,
19,
8,
19,
19,
19,
7,
19,
19,
19,
19,
19,
19,
19,
6,
19,
8,
19,
7,
19,
19,
19,
19,
19,
19,
19,
19,
19,
19,
19,
19,
19,
8,
19,
19,
19,
18,
18,
18,
18,
7,
18,
18,
18,
18,
18,
18,
18,
18,
18,
18,
18,
18,
18,
9,
18,
18,
18,
18,
18,
18,
18,
18,
18,
18,
18,
18,
18,
18,
18,
7,
18,
18,
18,
18,
18,
9,
18,
18,
18,
6,
18,
9,
18,
18,
18,
18,
18,
18,
18,
7,
18,
11,
10,
