5,
7,
4,
5,
5,
2,
3,
9,
7,
20,
20,
20,
20,
20,
20,
20,
20,
5,
20,
20,
7,
20,
20,
20,
6,
20,
20,
20,
20,
20,
20,
20,
7,
20,
20,
20,
20,
20,
7,
20,
20,
20,
20,
20,
20,
20,
20,
20,
9,
20,
7,
7,
20,
20,
20,
20,
6,
20,
20,
20,
20,
20,
7,
20,
6,
20,
20,
20,
20,
20,
20,
20,
20,
20,
20,
20,
20,
20,
20,
20,
7,
20,
6,
20,
20,
20,
7,
20,
20,
20,
20,
20,
20,
20,
6,
20,
20,
20,
20,
20,
6,
20,
20,
20,
20,
20,
6,
20,
10,
20,
20,
20,
20,
20,
20,
20,
9,
20,
20,
20,
20,
20,
7,
20,
10,
20,
20,
20,
20,
20,
6,
20,
20,
20,
7,
20,
10,
20,
20,
20,
7,
20,
20,
20,
20,
20,
7,
20,
6,
20,
7,
20,
20,
20,
6,
20,
20,
20,
20,
20,
7,
20,
10,
20,
7,
20,
20,
20,
7,
20,
20,
20,
20,
20,
20,
20,
5,
19,
7,
19,
6,
19,
19,
19,
19,
19,
19,
19,
10,
19,
19,
19,
19,
19,
7,
19,
10,
19,
19,
19,
19,
19,
6,
19,
9,
19,
19,
19,
19,
19,
19,
19,
19,
19,
19,
19,
9,
19,
19,
19,
10,
19,
19,
19,
19,
19,
19,
19,
19,
19,
19,
19,
6,
19,
10,
19,
19,
19,
9,
19,
19,
19,
7,
19,
9,
19,
19,
19,
10,
19,
19,
19,
6,
19,
12,
11,
