3,
7,
2,
5,
5,
6,
15,
15,
15,
15,
15,
15,
15,
15,
15,
15,
15,
3,
15,
15,
6,
15,
15,
15,
6,
15,
15,
15,
15,
15,
15,
15,
15,
15,
6,
15,
15,
15,
6,
15,
6,
15,
15,
15,
15,
15,
15,
15,
15,
15,
15,
5,
15,
15,
15,
15,
5,
15,
15,
15,
15,
15,
15,
15,
15,
15,
15,
15,
15,
15,
15,
15,
15,
15,
15,
15,
15,
15,
15,
15,
15,
15,
15,
15,
15,
15,
15,
15,
5,
15,
15,
15,
15,
15,
15,
15,
15,
15,
15,
15,
15,
15,
15,
15,
15,
15,
15,
15,
15,
15,
15,
15,
15,
15,
15,
15,
15,
15,
15,
15,
15,
15,
15,
15,
15,
15,
15,
15,
6,
15,
15,
15,
15,
15,
15,
15,
15,
15,
15,
15,
15,
15,
15,
15,
15,
15,
6,
15,
15,
15,
15,
15,
15,
15,
15,
15,
15,
15,
15,
15,
15,
15,
15,
15,
6,
15,
15,
15,
15,
15,
15,
15,
15,
15,
5,
15,
15,
15,
15,
15,
15,
15,
15,
15,
15,
15,
15,
15,
15,
15,
15,
15,
15,
15,
15,
15,
15,
15,
15,
15,
15,
15,
15,
15,
15,
15,
15,
15,
5,
15,
15,
15,
15,
15,
15,
15,
15,
15,
15,
15,
15,
15,
6,
15,
15,
15,
15,
15,
15,
14,
14,
14,
14,
14,
14,
14,
14,
14,
14,
14,
14,
14,
14,
14,
14,
14,
14,
14,
14,
14,
6,
14,
14,
14,
5,
4,
