5,
19,
1,
4,
6,
19,
19,
19,
7,
19,
19,
19,
11,
19,
19,
19,
19,
19,
19,
19,
19,
19,
19,
19,
19,
19,
19,
19,
19,
19,
19,
19,
19,
19,
19,
19,
19,
19,
19,
19,
19,
19,
19,
19,
19,
19,
19,
19,
19,
19,
19,
5,
19,
19,
19,
19,
6,
19,
19,
19,
19,
19,
19,
19,
19,
19,
19,
19,
19,
19,
2,
19,
19,
19,
19,
19,
19,
19,
19,
19,
19,
19,
19,
19,
19,
19,
19,
19,
6,
19,
19,
19,
19,
19,
19,
19,
19,
19,
19,
19,
19,
19,
19,
19,
11,
19,
19,
19,
19,
19,
19,
19,
19,
19,
19,
19,
19,
19,
6,
19,
19,
19,
19,
19,
19,
19,
19,
19,
6,
19,
19,
19,
19,
19,
19,
19,
11,
19,
19,
19,
19,
19,
19,
19,
19,
19,
19,
19,
19,
19,
19,
19,
19,
19,
19,
19,
19,
19,
19,
19,
19,
19,
6,
19,
11,
19,
19,
19,
19,
19,
19,
19,
19,
19,
19,
19,
19,
19,
19,
19,
19,
19,
6,
19,
19,
19,
19,
19,
19,
19,
19,
19,
19,
19,
19,
19,
19,
19,
10,
19,
19,
19,
19,
19,
19,
19,
19,
19,
19,
19,
19,
19,
19,
19,
19,
19,
11,
19,
19,
19,
11,
19,
19,
19,
19,
19,
18,
18,
18,
18,
18,
18,
11,
18,
18,
18,
18,
18,
18,
18,
18,
18,
11,
18,
18,
18,
18,
18,
18,
18,
18,
18,
11,
18,
10,
10,
