4,
6,
4,
6,
5,
3,
2,
6,
8,
20,
20,
20,
20,
20,
20,
20,
20,
3,
20,
20,
6,
20,
20,
20,
6,
20,
20,
20,
20,
20,
20,
20,
6,
20,
20,
20,
20,
20,
6,
20,
20,
20,
20,
20,
20,
20,
20,
20,
9,
20,
6,
7,
20,
20,
20,
20,
6,
20,
20,
20,
20,
20,
20,
20,
6,
20,
20,
20,
20,
20,
20,
20,
20,
20,
20,
20,
20,
20,
20,
20,
20,
20,
20,
20,
20,
20,
20,
20,
20,
20,
20,
20,
20,
20,
6,
20,
20,
20,
20,
20,
20,
20,
20,
20,
20,
20,
9,
20,
10,
20,
20,
20,
20,
20,
20,
20,
8,
20,
20,
20,
20,
20,
6,
20,
10,
20,
20,
20,
20,
20,
20,
20,
20,
20,
20,
20,
10,
20,
20,
20,
20,
20,
20,
20,
20,
20,
20,
20,
6,
20,
20,
20,
20,
20,
20,
20,
20,
20,
20,
20,
20,
20,
10,
20,
20,
20,
20,
20,
8,
20,
20,
20,
20,
20,
20,
20,
6,
20,
20,
20,
20,
20,
20,
20,
20,
20,
20,
20,
10,
20,
20,
20,
20,
20,
20,
20,
10,
20,
20,
20,
19,
19,
5,
19,
9,
19,
19,
19,
19,
19,
19,
19,
19,
19,
19,
19,
8,
19,
19,
19,
10,
19,
19,
19,
19,
19,
19,
19,
19,
19,
19,
19,
5,
19,
10,
19,
19,
19,
8,
19,
19,
19,
6,
19,
8,
19,
19,
19,
10,
19,
19,
19,
19,
19,
12,
11,
