4,
5,
4,
3,
2,
9,
17,
17,
8,
17,
4,
17,
17,
17,
17,
17,
4,
4,
17,
17,
17,
17,
17,
17,
17,
17,
5,
17,
17,
17,
17,
17,
17,
17,
17,
17,
17,
17,
17,
17,
17,
17,
17,
17,
17,
17,
17,
17,
17,
17,
17,
6,
17,
17,
17,
17,
8,
17,
17,
17,
17,
17,
17,
17,
17,
17,
17,
17,
17,
17,
17,
17,
17,
17,
17,
17,
17,
17,
17,
17,
17,
17,
5,
17,
17,
17,
17,
17,
17,
17,
17,
17,
17,
17,
17,
17,
17,
17,
17,
17,
8,
17,
17,
17,
17,
17,
17,
17,
17,
17,
17,
17,
4,
17,
17,
17,
17,
17,
17,
17,
17,
17,
17,
17,
17,
17,
17,
17,
8,
17,
17,
17,
17,
17,
17,
17,
17,
17,
17,
17,
5,
17,
17,
17,
17,
17,
8,
17,
17,
17,
17,
17,
8,
17,
17,
17,
17,
17,
17,
17,
17,
17,
17,
17,
17,
17,
17,
17,
17,
17,
17,
17,
17,
17,
8,
17,
17,
17,
17,
17,
5,
17,
17,
17,
17,
17,
8,
17,
17,
17,
17,
17,
17,
17,
17,
17,
17,
17,
17,
17,
17,
17,
17,
17,
17,
17,
17,
17,
17,
17,
17,
17,
17,
17,
17,
17,
17,
17,
17,
17,
17,
17,
17,
17,
17,
17,
5,
17,
16,
16,
16,
16,
16,
16,
16,
16,
16,
16,
16,
16,
16,
16,
16,
16,
16,
16,
16,
16,
16,
16,
16,
16,
16,
16,
7,
8,
