5,
7,
5,
7,
2,
4,
4,
7,
3,
20,
20,
20,
20,
20,
20,
20,
20,
2,
20,
20,
7,
20,
20,
20,
7,
20,
20,
20,
20,
20,
20,
20,
7,
20,
20,
20,
20,
20,
7,
20,
20,
20,
20,
20,
20,
20,
20,
20,
9,
20,
7,
20,
20,
20,
20,
20,
7,
20,
20,
20,
20,
20,
20,
20,
7,
20,
20,
20,
20,
20,
20,
20,
20,
20,
20,
20,
20,
20,
20,
20,
20,
20,
20,
20,
20,
20,
20,
20,
20,
20,
20,
20,
20,
20,
7,
20,
20,
20,
20,
20,
20,
20,
20,
20,
20,
20,
9,
20,
10,
20,
20,
20,
20,
20,
20,
20,
9,
20,
20,
20,
20,
20,
7,
20,
10,
20,
20,
20,
20,
20,
20,
20,
20,
20,
20,
20,
10,
20,
20,
20,
20,
20,
20,
20,
20,
20,
20,
20,
7,
20,
20,
20,
20,
20,
20,
20,
20,
20,
20,
20,
20,
20,
10,
20,
20,
20,
20,
20,
9,
20,
20,
20,
20,
20,
20,
20,
7,
20,
20,
20,
20,
20,
20,
20,
20,
20,
20,
20,
10,
20,
20,
20,
20,
20,
20,
20,
10,
20,
20,
20,
20,
19,
6,
19,
9,
19,
19,
19,
19,
19,
19,
19,
19,
19,
19,
19,
8,
19,
19,
19,
10,
19,
19,
19,
19,
19,
19,
19,
19,
19,
19,
19,
6,
19,
10,
19,
19,
19,
8,
19,
19,
19,
6,
19,
8,
19,
19,
19,
10,
19,
19,
19,
19,
19,
12,
11,
