5,
9,
4,
9,
2,
9,
10,
7,
2,
7,
19,
19,
6,
4,
6,
7,
7,
7,
6,
19,
8,
19,
19,
19,
19,
19,
8,
19,
19,
19,
19,
19,
19,
19,
9,
19,
11,
19,
9,
19,
19,
19,
9,
19,
11,
19,
19,
19,
19,
19,
9,
19,
19,
19,
19,
19,
9,
19,
9,
19,
19,
19,
9,
19,
11,
19,
9,
19,
19,
19,
19,
19,
11,
19,
8,
19,
11,
19,
19,
19,
7,
19,
11,
19,
19,
5,
19,
19,
8,
19,
7,
19,
9,
19,
11,
19,
11,
19,
19,
19,
19,
19,
19,
19,
7,
19,
19,
19,
11,
19,
11,
19,
8,
19,
9,
19,
19,
19,
10,
19,
11,
19,
8,
19,
19,
19,
7,
19,
6,
19,
19,
19,
6,
19,
19,
19,
18,
18,
7,
18,
9,
18,
11,
18,
18,
18,
18,
18,
7,
18,
10,
18,
18,
18,
8,
18,
9,
18,
18,
18,
18,
18,
11,
18,
10,
18,
18,
18,
10,
18,
11,
18,
18,
18,
7,
18,
18,
18,
7,
18,
7,
18,
18,
18,
11,
18,
10,
18,
18,
18,
9,
18,
10,
18,
18,
18,
10,
18,
18,
18,
18,
18,
18,
18,
18,
18,
18,
18,
7,
18,
9,
18,
18,
18,
18,
18,
10,
18,
10,
18,
18,
18,
18,
18,
11,
18,
10,
18,
11,
18,
11,
18,
18,
18,
18,
18,
18,
18,
18,
18,
18,
18,
7,
18,
11,
18,
9,
18,
7,
18,
10,
18,
18,
18,
9,
6,
