6,
20,
3,
10,
2,
10,
12,
8,
2,
7,
20,
20,
6,
5,
7,
7,
8,
7,
6,
20,
9,
20,
20,
20,
20,
20,
8,
20,
20,
20,
20,
20,
20,
20,
9,
20,
11,
20,
9,
20,
20,
20,
9,
20,
11,
20,
20,
20,
20,
20,
9,
20,
20,
20,
20,
20,
9,
20,
9,
20,
20,
20,
10,
20,
11,
20,
10,
20,
20,
20,
20,
20,
11,
20,
9,
20,
11,
20,
20,
20,
5,
20,
11,
20,
20,
6,
20,
20,
8,
20,
7,
20,
10,
20,
11,
20,
11,
20,
20,
20,
20,
20,
20,
20,
7,
20,
20,
20,
11,
20,
11,
20,
8,
20,
10,
20,
20,
20,
10,
20,
11,
20,
8,
20,
20,
20,
7,
20,
5,
20,
20,
20,
7,
20,
20,
20,
20,
19,
7,
19,
10,
19,
11,
19,
19,
19,
19,
19,
8,
19,
10,
19,
19,
19,
8,
19,
10,
19,
19,
19,
19,
19,
11,
19,
10,
19,
19,
19,
10,
19,
11,
19,
19,
19,
5,
19,
19,
19,
7,
19,
8,
19,
19,
19,
11,
19,
10,
19,
19,
19,
9,
19,
10,
19,
19,
19,
10,
19,
19,
19,
19,
19,
19,
19,
19,
19,
19,
19,
8,
19,
10,
19,
19,
19,
19,
19,
10,
19,
10,
19,
19,
19,
19,
19,
11,
19,
10,
19,
11,
19,
11,
19,
19,
19,
19,
19,
19,
19,
19,
19,
19,
19,
8,
19,
11,
19,
9,
19,
7,
19,
10,
19,
19,
19,
9,
7,
