4,
8,
3,
6,
3,
7,
16,
16,
3,
16,
16,
16,
16,
16,
16,
16,
16,
2,
16,
16,
7,
16,
16,
16,
7,
16,
16,
16,
16,
16,
16,
16,
16,
16,
7,
16,
16,
16,
7,
16,
7,
16,
16,
16,
16,
16,
16,
16,
16,
16,
16,
16,
16,
16,
16,
16,
6,
16,
16,
16,
16,
16,
16,
16,
16,
16,
16,
16,
16,
16,
16,
16,
16,
16,
16,
16,
16,
16,
16,
16,
16,
16,
16,
16,
16,
16,
16,
16,
6,
16,
16,
16,
16,
16,
16,
16,
16,
16,
16,
16,
16,
16,
16,
16,
16,
16,
16,
16,
16,
16,
16,
16,
16,
16,
16,
16,
16,
16,
16,
16,
16,
16,
16,
16,
16,
16,
16,
16,
7,
16,
16,
16,
16,
16,
16,
16,
16,
16,
16,
16,
16,
16,
16,
16,
16,
16,
7,
16,
16,
16,
16,
16,
16,
16,
16,
16,
16,
16,
16,
16,
16,
16,
16,
16,
7,
16,
16,
16,
16,
16,
16,
16,
16,
16,
6,
16,
16,
16,
16,
16,
16,
16,
16,
16,
16,
16,
16,
16,
16,
16,
16,
16,
16,
16,
16,
16,
16,
16,
16,
16,
16,
16,
16,
16,
16,
16,
16,
16,
6,
16,
16,
16,
16,
16,
16,
16,
16,
16,
16,
16,
16,
16,
7,
16,
16,
16,
16,
16,
16,
15,
15,
15,
15,
15,
15,
15,
15,
15,
15,
15,
15,
15,
15,
15,
15,
15,
15,
15,
15,
15,
7,
15,
15,
15,
6,
3,
