5,
8,
6,
6,
2,
4,
4,
9,
2,
20,
20,
20,
20,
20,
20,
20,
20,
3,
20,
20,
7,
20,
20,
20,
6,
20,
20,
20,
20,
20,
20,
20,
8,
20,
20,
20,
20,
20,
8,
20,
20,
20,
20,
20,
20,
20,
20,
20,
9,
20,
8,
20,
20,
20,
20,
20,
8,
20,
20,
20,
20,
20,
20,
20,
6,
20,
20,
20,
20,
20,
20,
20,
20,
20,
20,
20,
20,
20,
20,
20,
20,
20,
20,
20,
20,
20,
20,
20,
20,
20,
20,
20,
20,
20,
6,
20,
20,
20,
20,
20,
20,
20,
20,
20,
20,
20,
7,
20,
10,
20,
20,
20,
20,
20,
20,
20,
9,
20,
20,
20,
20,
20,
8,
20,
10,
20,
20,
20,
20,
20,
8,
20,
20,
20,
20,
20,
10,
20,
20,
20,
8,
20,
20,
20,
20,
20,
20,
20,
8,
20,
8,
20,
20,
20,
8,
20,
20,
20,
20,
20,
7,
20,
10,
20,
20,
20,
20,
20,
9,
20,
20,
20,
20,
20,
20,
20,
6,
20,
20,
20,
7,
20,
20,
20,
20,
20,
20,
20,
10,
20,
20,
20,
20,
20,
19,
19,
10,
19,
19,
19,
19,
19,
7,
19,
9,
19,
19,
19,
19,
19,
19,
19,
19,
19,
19,
19,
9,
19,
19,
19,
10,
19,
19,
19,
19,
19,
19,
19,
19,
19,
19,
19,
7,
19,
10,
19,
19,
19,
8,
19,
19,
19,
7,
19,
9,
19,
19,
19,
10,
19,
19,
19,
19,
19,
12,
11,
