3,
4,
7,
6,
5,
9,
8,
7,
6,
17,
17,
17,
17,
17,
17,
17,
17,
1,
17,
17,
17,
17,
17,
17,
17,
17,
17,
17,
17,
17,
17,
17,
17,
17,
17,
17,
17,
17,
17,
17,
17,
17,
17,
17,
17,
17,
17,
17,
17,
17,
17,
17,
17,
17,
17,
17,
17,
17,
17,
17,
17,
17,
17,
17,
17,
17,
17,
17,
17,
17,
17,
17,
17,
17,
17,
17,
17,
17,
17,
17,
17,
17,
17,
17,
17,
17,
17,
17,
7,
17,
17,
17,
17,
17,
17,
17,
17,
17,
17,
17,
4,
17,
17,
17,
17,
17,
17,
17,
17,
17,
17,
17,
17,
17,
17,
17,
17,
17,
7,
17,
17,
17,
17,
17,
17,
17,
17,
17,
7,
17,
17,
17,
17,
17,
17,
17,
17,
17,
17,
17,
17,
17,
17,
17,
17,
17,
17,
17,
17,
17,
17,
17,
17,
17,
17,
17,
17,
17,
17,
17,
17,
17,
17,
17,
17,
17,
17,
17,
17,
17,
17,
17,
17,
17,
17,
17,
17,
17,
17,
17,
17,
17,
7,
17,
17,
17,
17,
17,
17,
17,
17,
17,
17,
17,
17,
17,
17,
17,
17,
17,
17,
17,
17,
17,
17,
17,
17,
17,
17,
17,
17,
17,
17,
17,
17,
17,
17,
17,
17,
17,
17,
17,
17,
17,
17,
17,
17,
17,
17,
17,
17,
17,
17,
17,
17,
17,
17,
16,
16,
16,
16,
16,
16,
16,
16,
16,
16,
16,
16,
16,
16,
16,
16,
16,
7,
3,
