4,
7,
5,
5,
6,
2,
3,
9,
7,
19,
19,
19,
19,
19,
19,
19,
19,
4,
19,
19,
6,
19,
19,
19,
6,
19,
19,
19,
19,
19,
19,
19,
7,
19,
19,
19,
19,
19,
7,
19,
19,
19,
19,
19,
19,
19,
19,
19,
8,
19,
7,
7,
19,
19,
19,
19,
7,
19,
19,
19,
19,
19,
19,
19,
6,
19,
19,
19,
19,
19,
19,
19,
19,
19,
19,
19,
19,
19,
19,
19,
7,
19,
19,
19,
19,
19,
7,
19,
19,
19,
19,
19,
19,
19,
5,
19,
19,
19,
19,
19,
19,
19,
19,
19,
19,
19,
5,
19,
9,
19,
19,
19,
19,
19,
19,
19,
9,
19,
19,
19,
19,
19,
7,
19,
9,
19,
19,
19,
19,
19,
6,
19,
19,
19,
7,
19,
9,
19,
19,
19,
7,
19,
19,
19,
19,
19,
7,
19,
6,
19,
7,
19,
19,
19,
6,
19,
19,
19,
19,
19,
7,
19,
9,
19,
7,
19,
19,
19,
6,
19,
19,
19,
19,
19,
19,
19,
5,
19,
19,
19,
6,
19,
19,
19,
19,
19,
19,
18,
9,
18,
18,
18,
18,
18,
18,
18,
9,
18,
18,
18,
18,
18,
6,
18,
8,
18,
18,
18,
18,
18,
18,
18,
18,
18,
18,
18,
9,
18,
18,
18,
9,
18,
18,
18,
18,
18,
18,
18,
18,
18,
18,
18,
6,
18,
9,
18,
18,
18,
8,
18,
18,
18,
7,
18,
9,
18,
18,
18,
9,
18,
18,
18,
18,
18,
11,
10,
