4,
7,
3,
6,
6,
7,
7,
6,
6,
5,
17,
17,
5,
4,
5,
9,
5,
5,
4,
17,
6,
17,
17,
17,
17,
17,
7,
17,
17,
17,
17,
17,
17,
17,
8,
17,
9,
17,
7,
17,
17,
17,
9,
17,
9,
17,
17,
17,
17,
17,
8,
6,
17,
17,
17,
17,
7,
17,
8,
17,
17,
17,
8,
17,
9,
17,
17,
17,
17,
17,
17,
17,
17,
17,
7,
17,
9,
17,
17,
17,
6,
17,
9,
17,
17,
4,
17,
17,
17,
17,
7,
17,
8,
17,
9,
17,
9,
17,
17,
17,
17,
17,
17,
17,
5,
17,
17,
17,
9,
17,
9,
17,
17,
17,
7,
17,
17,
17,
8,
17,
9,
17,
8,
17,
17,
17,
6,
17,
7,
17,
17,
17,
6,
17,
17,
17,
17,
17,
9,
17,
9,
17,
9,
17,
17,
17,
17,
17,
7,
17,
8,
17,
17,
17,
7,
17,
9,
17,
17,
17,
17,
17,
9,
17,
17,
16,
16,
16,
16,
16,
8,
16,
16,
16,
7,
16,
16,
16,
7,
16,
7,
16,
16,
16,
16,
16,
16,
16,
16,
16,
7,
16,
16,
16,
16,
16,
16,
16,
16,
16,
16,
16,
16,
16,
16,
16,
16,
16,
7,
16,
8,
16,
16,
16,
16,
16,
8,
16,
16,
16,
16,
16,
16,
16,
8,
16,
8,
16,
8,
16,
16,
16,
16,
16,
16,
16,
16,
16,
16,
16,
16,
16,
7,
16,
16,
16,
7,
16,
6,
16,
8,
16,
16,
16,
7,
5,
