4,
6,
4,
5,
5,
3,
3,
9,
7,
20,
20,
20,
20,
20,
20,
20,
20,
4,
20,
20,
6,
20,
20,
20,
5,
20,
20,
20,
20,
20,
20,
20,
6,
20,
20,
20,
20,
20,
6,
20,
20,
20,
20,
20,
20,
20,
20,
20,
8,
20,
6,
7,
20,
20,
20,
20,
6,
20,
20,
20,
20,
20,
20,
20,
5,
20,
20,
20,
20,
20,
20,
20,
20,
20,
20,
20,
20,
20,
20,
20,
20,
20,
20,
20,
20,
20,
20,
20,
20,
20,
20,
20,
20,
20,
5,
20,
20,
20,
20,
20,
20,
20,
20,
20,
20,
20,
6,
20,
10,
20,
20,
20,
20,
20,
20,
20,
9,
20,
20,
20,
20,
20,
6,
20,
9,
20,
20,
20,
20,
20,
6,
20,
20,
20,
20,
20,
9,
20,
20,
20,
6,
20,
20,
20,
20,
20,
20,
20,
6,
20,
6,
20,
20,
20,
6,
20,
20,
20,
20,
20,
6,
20,
9,
20,
20,
20,
20,
20,
9,
20,
20,
20,
20,
20,
20,
20,
5,
20,
20,
20,
5,
20,
20,
20,
20,
20,
20,
20,
9,
20,
20,
20,
20,
19,
19,
19,
9,
19,
19,
19,
19,
19,
5,
19,
8,
19,
19,
19,
19,
19,
19,
19,
19,
19,
19,
19,
9,
19,
19,
19,
9,
19,
19,
19,
19,
19,
19,
19,
19,
19,
19,
19,
5,
19,
9,
19,
19,
19,
8,
19,
19,
19,
7,
19,
9,
19,
19,
19,
9,
19,
19,
19,
19,
19,
12,
11,
