5,
18,
2,
3,
8,
18,
18,
18,
8,
18,
18,
18,
18,
18,
18,
18,
18,
8,
18,
18,
10,
18,
18,
18,
5,
18,
18,
18,
18,
18,
18,
18,
18,
18,
3,
18,
18,
18,
18,
18,
10,
18,
18,
18,
18,
18,
18,
18,
18,
18,
10,
6,
18,
18,
18,
18,
8,
18,
18,
18,
10,
18,
18,
18,
18,
18,
18,
18,
18,
18,
18,
18,
18,
18,
18,
18,
18,
18,
18,
18,
18,
18,
18,
18,
18,
18,
18,
18,
8,
18,
18,
18,
18,
18,
18,
18,
18,
18,
18,
18,
18,
18,
18,
18,
10,
18,
18,
18,
18,
18,
18,
18,
10,
18,
18,
18,
18,
18,
18,
18,
18,
18,
18,
18,
18,
18,
18,
18,
10,
18,
18,
18,
18,
18,
18,
18,
18,
18,
18,
18,
18,
18,
18,
18,
18,
18,
9,
18,
18,
18,
18,
18,
18,
18,
18,
18,
9,
18,
18,
18,
18,
18,
18,
18,
9,
18,
18,
18,
18,
18,
9,
18,
18,
18,
3,
18,
18,
18,
18,
18,
18,
18,
18,
18,
18,
18,
18,
18,
18,
18,
18,
18,
18,
18,
18,
18,
18,
18,
18,
18,
18,
18,
18,
18,
18,
18,
18,
18,
3,
18,
18,
18,
18,
18,
18,
18,
18,
18,
18,
18,
18,
18,
4,
17,
17,
17,
17,
17,
17,
17,
17,
17,
9,
17,
17,
17,
17,
17,
17,
17,
17,
17,
17,
17,
17,
17,
17,
17,
17,
17,
9,
17,
17,
17,
4,
7,
