4,
7,
4,
5,
6,
3,
2,
9,
8,
20,
20,
20,
20,
20,
20,
20,
20,
4,
20,
20,
6,
20,
20,
20,
5,
20,
20,
20,
20,
20,
20,
20,
7,
20,
20,
20,
20,
20,
7,
20,
20,
20,
20,
20,
20,
20,
20,
20,
20,
20,
7,
7,
20,
20,
20,
20,
7,
20,
20,
20,
20,
20,
20,
20,
5,
20,
20,
20,
20,
20,
20,
20,
20,
20,
20,
20,
20,
20,
20,
20,
7,
20,
20,
20,
20,
20,
7,
20,
20,
20,
20,
20,
20,
20,
5,
20,
20,
20,
20,
20,
20,
20,
20,
20,
20,
20,
6,
20,
20,
20,
20,
20,
20,
20,
20,
20,
10,
20,
20,
20,
20,
20,
7,
20,
20,
20,
20,
20,
20,
20,
7,
20,
20,
20,
7,
20,
20,
20,
20,
20,
7,
20,
20,
20,
20,
20,
7,
20,
6,
20,
7,
20,
20,
20,
6,
20,
20,
20,
20,
20,
6,
20,
20,
20,
20,
20,
20,
20,
9,
20,
20,
20,
20,
20,
20,
20,
5,
20,
20,
20,
6,
20,
20,
20,
20,
20,
20,
20,
20,
20,
20,
20,
20,
20,
20,
20,
20,
20,
20,
20,
20,
20,
6,
20,
20,
20,
19,
19,
19,
19,
19,
19,
19,
19,
19,
19,
9,
19,
19,
19,
19,
19,
19,
19,
19,
19,
19,
19,
19,
19,
19,
19,
6,
19,
19,
19,
19,
19,
9,
19,
19,
19,
6,
19,
9,
19,
19,
19,
19,
19,
19,
19,
19,
19,
12,
11,
