3,
7,
3,
5,
3,
15,
15,
15,
3,
15,
15,
15,
15,
15,
15,
15,
15,
3,
15,
15,
7,
15,
15,
15,
7,
15,
15,
15,
15,
15,
15,
15,
15,
15,
7,
15,
15,
15,
7,
15,
7,
15,
15,
15,
15,
15,
15,
15,
15,
15,
15,
15,
15,
15,
15,
15,
5,
15,
15,
15,
15,
15,
15,
15,
15,
15,
15,
15,
15,
15,
15,
15,
15,
15,
15,
15,
15,
15,
15,
15,
15,
15,
15,
15,
15,
15,
15,
15,
5,
15,
15,
15,
15,
15,
15,
15,
15,
15,
15,
15,
15,
15,
15,
15,
7,
15,
15,
15,
15,
15,
15,
15,
15,
15,
15,
15,
15,
15,
15,
15,
15,
15,
15,
15,
15,
15,
15,
15,
7,
15,
15,
15,
15,
15,
15,
15,
15,
15,
15,
15,
15,
15,
15,
15,
15,
15,
7,
15,
15,
15,
15,
15,
15,
15,
15,
15,
7,
15,
15,
15,
15,
15,
15,
15,
7,
15,
15,
15,
15,
15,
15,
15,
15,
15,
6,
15,
15,
15,
15,
15,
15,
15,
15,
15,
15,
15,
15,
15,
15,
15,
15,
15,
15,
15,
15,
15,
15,
15,
15,
15,
15,
15,
15,
15,
15,
15,
15,
15,
6,
15,
15,
15,
15,
15,
15,
15,
15,
15,
15,
15,
15,
15,
7,
15,
15,
15,
15,
15,
14,
14,
14,
14,
14,
14,
14,
14,
14,
14,
14,
14,
14,
14,
14,
14,
14,
14,
14,
14,
14,
14,
7,
14,
14,
14,
6,
3,
