4,
7,
4,
7,
3,
8,
8,
7,
2,
6,
10,
18,
6,
5,
6,
10,
6,
6,
5,
18,
7,
18,
18,
18,
18,
18,
8,
18,
18,
18,
18,
18,
18,
18,
9,
18,
10,
18,
8,
18,
18,
18,
10,
18,
10,
18,
18,
18,
18,
18,
9,
18,
18,
18,
18,
18,
8,
18,
9,
18,
18,
18,
9,
18,
10,
18,
18,
18,
18,
18,
18,
18,
18,
18,
8,
18,
10,
18,
18,
18,
7,
18,
10,
18,
18,
3,
18,
18,
18,
18,
8,
18,
9,
18,
10,
18,
10,
18,
18,
18,
18,
18,
18,
18,
6,
18,
18,
18,
10,
18,
10,
18,
18,
18,
8,
18,
18,
18,
9,
18,
10,
18,
9,
18,
18,
18,
7,
18,
7,
18,
18,
18,
7,
18,
18,
18,
18,
18,
10,
18,
10,
18,
10,
18,
18,
18,
18,
18,
8,
18,
9,
18,
18,
18,
8,
18,
10,
18,
18,
18,
18,
18,
10,
18,
18,
17,
17,
17,
17,
17,
10,
17,
17,
17,
7,
17,
17,
17,
8,
17,
8,
17,
17,
17,
17,
17,
17,
17,
17,
17,
8,
17,
17,
17,
17,
17,
17,
17,
17,
17,
17,
17,
17,
17,
17,
17,
17,
17,
8,
17,
9,
17,
17,
17,
17,
17,
10,
17,
17,
17,
17,
17,
17,
17,
10,
17,
9,
17,
10,
17,
17,
17,
17,
17,
17,
17,
17,
17,
17,
17,
17,
17,
8,
17,
17,
17,
8,
17,
7,
17,
10,
17,
17,
17,
8,
5,
