5,
20,
4,
5,
4,
3,
3,
9,
6,
20,
20,
20,
7,
20,
20,
20,
20,
7,
20,
20,
7,
20,
20,
20,
6,
20,
20,
20,
20,
20,
20,
20,
7,
20,
20,
20,
20,
20,
6,
20,
20,
20,
20,
20,
20,
20,
20,
20,
6,
20,
7,
7,
20,
20,
20,
20,
6,
20,
20,
20,
20,
20,
7,
20,
6,
20,
20,
20,
20,
20,
20,
20,
20,
20,
20,
20,
20,
20,
20,
20,
7,
20,
6,
20,
20,
20,
7,
20,
20,
20,
20,
20,
20,
20,
6,
20,
20,
20,
20,
20,
6,
20,
20,
20,
20,
20,
6,
20,
7,
20,
20,
20,
20,
20,
20,
20,
10,
20,
20,
20,
20,
20,
7,
20,
7,
20,
20,
20,
20,
20,
6,
20,
20,
20,
6,
20,
7,
20,
20,
20,
6,
20,
20,
20,
20,
20,
7,
20,
6,
20,
6,
20,
20,
20,
6,
20,
20,
20,
20,
20,
7,
20,
7,
20,
7,
20,
20,
20,
7,
20,
20,
20,
20,
20,
20,
20,
6,
19,
7,
19,
6,
19,
19,
19,
19,
19,
19,
19,
7,
19,
19,
19,
19,
19,
7,
19,
7,
19,
19,
19,
19,
19,
6,
19,
6,
19,
19,
19,
19,
19,
19,
19,
19,
19,
19,
19,
9,
19,
19,
19,
7,
19,
19,
19,
19,
19,
19,
19,
19,
19,
19,
19,
6,
19,
7,
19,
19,
19,
7,
19,
19,
19,
7,
19,
9,
19,
19,
19,
7,
19,
19,
19,
6,
19,
12,
11,
