3,
7,
2,
3,
6,
15,
15,
15,
7,
15,
15,
15,
15,
15,
15,
15,
15,
5,
15,
15,
7,
15,
15,
15,
6,
15,
15,
15,
15,
15,
15,
15,
15,
15,
5,
15,
15,
15,
7,
15,
7,
15,
15,
15,
15,
15,
15,
15,
15,
15,
7,
5,
15,
15,
15,
15,
5,
15,
15,
15,
7,
15,
15,
15,
15,
15,
15,
15,
15,
15,
15,
15,
15,
15,
15,
15,
15,
15,
15,
15,
15,
15,
15,
15,
15,
15,
15,
15,
5,
15,
15,
15,
15,
15,
15,
15,
15,
15,
15,
15,
15,
15,
15,
15,
7,
15,
15,
15,
15,
15,
15,
15,
7,
15,
15,
15,
15,
15,
15,
15,
15,
15,
15,
15,
15,
15,
15,
15,
7,
15,
15,
15,
15,
15,
15,
15,
15,
15,
15,
15,
15,
15,
15,
15,
15,
15,
7,
15,
15,
15,
15,
15,
15,
15,
15,
15,
7,
15,
15,
15,
15,
15,
15,
15,
7,
15,
15,
15,
15,
15,
7,
15,
15,
15,
5,
15,
15,
15,
15,
15,
15,
15,
15,
15,
15,
15,
15,
15,
15,
15,
15,
15,
15,
15,
15,
15,
15,
15,
15,
15,
15,
15,
15,
15,
15,
15,
15,
15,
5,
15,
15,
15,
15,
15,
15,
15,
15,
15,
15,
15,
14,
14,
6,
14,
14,
14,
14,
14,
14,
14,
14,
14,
7,
14,
14,
14,
14,
14,
14,
14,
14,
14,
14,
14,
14,
14,
14,
14,
14,
14,
6,
14,
14,
14,
5,
4,
