3,
18,
3,
2,
8,
18,
18,
18,
8,
18,
18,
18,
10,
18,
18,
18,
18,
4,
18,
18,
18,
18,
18,
18,
18,
18,
18,
18,
18,
18,
18,
18,
18,
18,
18,
18,
18,
18,
18,
18,
18,
18,
18,
18,
18,
18,
18,
18,
18,
18,
18,
7,
18,
18,
18,
18,
5,
18,
18,
18,
18,
18,
18,
18,
18,
18,
18,
18,
18,
18,
18,
18,
18,
18,
18,
18,
18,
18,
18,
18,
18,
18,
18,
18,
18,
18,
18,
18,
5,
18,
18,
18,
18,
18,
18,
18,
18,
18,
10,
18,
5,
18,
18,
18,
10,
18,
18,
18,
18,
18,
18,
18,
18,
18,
18,
18,
18,
18,
4,
18,
18,
18,
18,
18,
18,
18,
18,
18,
4,
18,
18,
18,
18,
18,
18,
18,
10,
18,
18,
18,
18,
18,
18,
18,
18,
18,
18,
18,
18,
18,
18,
18,
18,
18,
18,
18,
18,
18,
18,
18,
18,
18,
4,
18,
10,
18,
18,
18,
18,
18,
18,
18,
18,
18,
18,
18,
18,
18,
18,
18,
18,
18,
4,
18,
18,
18,
18,
18,
18,
18,
18,
18,
18,
18,
18,
18,
18,
18,
9,
18,
18,
18,
18,
18,
18,
18,
18,
18,
18,
18,
18,
18,
18,
18,
18,
18,
10,
18,
18,
18,
10,
18,
18,
18,
17,
17,
17,
17,
17,
17,
17,
17,
10,
17,
17,
17,
17,
17,
17,
17,
17,
17,
10,
17,
17,
17,
17,
17,
17,
17,
17,
17,
9,
17,
9,
4,
