4,
17,
4,
3,
2,
17,
17,
17,
3,
17,
17,
17,
9,
17,
17,
17,
17,
4,
17,
17,
17,
17,
17,
17,
17,
17,
17,
17,
17,
17,
17,
17,
17,
17,
17,
17,
17,
17,
17,
17,
17,
17,
17,
17,
17,
17,
17,
17,
17,
17,
17,
17,
17,
17,
17,
17,
5,
17,
17,
17,
17,
17,
17,
17,
17,
17,
17,
17,
17,
17,
17,
17,
17,
17,
17,
17,
17,
17,
17,
17,
17,
17,
17,
17,
17,
17,
17,
17,
5,
17,
17,
17,
17,
17,
17,
17,
17,
17,
17,
17,
5,
17,
17,
17,
9,
17,
17,
17,
17,
17,
17,
17,
17,
17,
17,
17,
17,
17,
5,
17,
17,
17,
17,
17,
17,
17,
17,
17,
5,
17,
17,
17,
17,
17,
17,
17,
9,
17,
17,
17,
17,
17,
17,
17,
17,
17,
17,
17,
17,
17,
17,
17,
17,
17,
17,
17,
17,
17,
17,
17,
17,
17,
5,
17,
9,
17,
17,
17,
17,
17,
17,
17,
17,
17,
17,
17,
17,
17,
17,
17,
17,
17,
5,
17,
17,
17,
17,
17,
17,
17,
17,
17,
17,
17,
17,
17,
17,
17,
8,
17,
17,
17,
17,
17,
17,
17,
17,
17,
17,
17,
17,
17,
17,
17,
17,
17,
9,
17,
17,
17,
9,
17,
17,
17,
17,
17,
16,
16,
16,
16,
16,
16,
9,
16,
16,
16,
16,
16,
16,
16,
16,
16,
8,
16,
16,
16,
16,
16,
16,
16,
16,
16,
8,
16,
8,
4,
