5,
9,
4,
8,
2,
9,
9,
8,
2,
7,
20,
20,
7,
5,
5,
6,
6,
6,
5,
20,
8,
20,
20,
20,
20,
20,
7,
20,
20,
20,
20,
20,
20,
20,
8,
20,
12,
20,
8,
20,
20,
20,
8,
20,
10,
20,
20,
20,
20,
20,
8,
20,
20,
20,
20,
20,
9,
20,
8,
20,
20,
20,
9,
20,
10,
20,
9,
20,
20,
20,
20,
20,
10,
20,
8,
20,
10,
20,
20,
20,
7,
20,
10,
20,
20,
5,
20,
20,
20,
20,
7,
20,
9,
20,
10,
20,
11,
20,
20,
20,
20,
20,
20,
20,
7,
20,
20,
20,
10,
20,
10,
20,
20,
20,
9,
20,
20,
20,
9,
20,
10,
20,
10,
20,
20,
20,
7,
20,
7,
20,
20,
20,
7,
20,
20,
20,
20,
20,
7,
19,
8,
19,
10,
19,
19,
19,
19,
19,
8,
19,
9,
19,
19,
19,
9,
19,
8,
19,
19,
19,
19,
19,
11,
19,
9,
19,
19,
19,
9,
19,
10,
19,
19,
19,
7,
19,
19,
19,
8,
19,
8,
19,
19,
19,
10,
19,
9,
19,
19,
19,
9,
19,
9,
19,
19,
19,
9,
19,
19,
19,
19,
19,
19,
19,
19,
19,
19,
19,
9,
19,
8,
19,
19,
19,
19,
19,
9,
19,
9,
19,
19,
19,
19,
19,
11,
19,
9,
19,
10,
19,
10,
19,
19,
19,
19,
19,
19,
19,
19,
19,
19,
19,
9,
19,
10,
19,
8,
19,
8,
19,
9,
19,
19,
19,
8,
6,
