4,
6,
4,
5,
5,
3,
3,
8,
7,
19,
19,
19,
19,
19,
19,
19,
19,
3,
19,
19,
6,
19,
19,
19,
6,
19,
19,
19,
19,
19,
19,
19,
6,
19,
19,
19,
19,
19,
6,
19,
19,
19,
19,
19,
19,
19,
19,
19,
9,
19,
6,
6,
19,
19,
19,
19,
6,
19,
19,
19,
19,
19,
19,
19,
6,
19,
19,
19,
19,
19,
19,
19,
19,
19,
19,
19,
19,
19,
19,
19,
19,
19,
19,
19,
19,
19,
19,
19,
19,
19,
19,
19,
19,
19,
6,
19,
19,
19,
19,
19,
19,
19,
19,
19,
19,
19,
5,
19,
10,
19,
19,
19,
19,
19,
19,
19,
8,
19,
19,
19,
19,
19,
6,
19,
10,
19,
19,
19,
19,
19,
6,
19,
19,
19,
19,
19,
10,
19,
19,
19,
6,
19,
19,
19,
19,
19,
19,
19,
6,
19,
6,
19,
19,
19,
6,
19,
19,
19,
19,
19,
19,
19,
10,
19,
19,
19,
19,
19,
8,
19,
19,
19,
19,
19,
19,
19,
5,
19,
19,
19,
19,
19,
19,
19,
19,
19,
19,
19,
10,
19,
19,
19,
19,
19,
19,
18,
10,
18,
18,
18,
18,
18,
5,
18,
9,
18,
18,
18,
18,
18,
18,
18,
18,
18,
18,
18,
8,
18,
18,
18,
10,
18,
18,
18,
18,
18,
18,
18,
18,
18,
18,
18,
5,
18,
10,
18,
18,
18,
8,
18,
18,
18,
6,
18,
8,
18,
18,
18,
9,
18,
18,
18,
18,
18,
11,
10,
