4,
20,
2,
5,
2,
20,
20,
20,
2,
20,
20,
20,
12,
20,
20,
20,
20,
20,
20,
20,
20,
20,
20,
20,
20,
20,
20,
20,
20,
20,
20,
20,
20,
20,
20,
20,
20,
20,
20,
20,
20,
20,
20,
20,
20,
20,
20,
20,
20,
20,
20,
20,
20,
20,
20,
20,
8,
20,
20,
20,
20,
20,
20,
20,
20,
20,
20,
20,
20,
20,
3,
20,
20,
20,
20,
20,
20,
20,
20,
20,
20,
20,
20,
20,
20,
20,
20,
20,
8,
20,
20,
20,
20,
20,
20,
20,
20,
20,
20,
20,
20,
20,
20,
20,
12,
20,
20,
20,
20,
20,
20,
20,
20,
20,
20,
20,
20,
20,
8,
20,
20,
20,
20,
20,
20,
20,
20,
20,
8,
20,
20,
20,
20,
20,
20,
20,
12,
20,
20,
20,
20,
20,
20,
20,
20,
20,
20,
20,
20,
20,
20,
20,
20,
20,
20,
20,
20,
20,
20,
20,
20,
20,
8,
20,
12,
20,
20,
20,
20,
20,
20,
20,
20,
20,
20,
20,
20,
20,
20,
20,
20,
20,
7,
20,
20,
20,
20,
20,
20,
20,
20,
20,
20,
20,
20,
20,
20,
20,
11,
20,
20,
20,
20,
20,
20,
20,
20,
20,
20,
20,
20,
20,
20,
20,
20,
20,
12,
20,
20,
20,
12,
20,
20,
20,
20,
20,
20,
19,
19,
19,
19,
19,
12,
19,
19,
19,
19,
19,
19,
19,
19,
19,
12,
19,
19,
19,
19,
19,
19,
19,
19,
19,
12,
19,
11,
11,
