4,
17,
4,
2,
3,
9,
17,
17,
8,
17,
5,
17,
17,
17,
17,
17,
5,
5,
17,
17,
17,
17,
17,
17,
17,
17,
5,
17,
17,
17,
17,
17,
17,
17,
17,
17,
17,
17,
17,
17,
17,
17,
17,
17,
17,
17,
17,
17,
17,
17,
17,
6,
17,
17,
17,
17,
8,
17,
17,
17,
17,
17,
17,
17,
17,
17,
17,
17,
17,
17,
17,
17,
17,
17,
17,
17,
17,
17,
17,
17,
17,
17,
5,
17,
17,
17,
17,
17,
17,
17,
17,
17,
17,
17,
17,
17,
5,
17,
17,
17,
5,
17,
17,
17,
17,
17,
17,
17,
17,
17,
17,
17,
5,
17,
17,
17,
17,
17,
17,
17,
17,
17,
17,
17,
17,
17,
17,
17,
8,
17,
17,
17,
17,
17,
17,
17,
17,
17,
17,
17,
5,
17,
17,
17,
17,
17,
8,
17,
17,
17,
17,
17,
8,
17,
17,
17,
17,
17,
17,
17,
17,
17,
17,
17,
17,
17,
17,
17,
17,
17,
17,
17,
17,
17,
8,
17,
17,
17,
17,
17,
5,
17,
17,
17,
17,
17,
8,
17,
5,
17,
17,
17,
17,
17,
17,
17,
17,
17,
17,
17,
5,
17,
17,
17,
17,
17,
17,
17,
17,
17,
17,
17,
17,
17,
17,
17,
17,
17,
5,
17,
17,
17,
17,
17,
16,
16,
5,
16,
16,
16,
16,
16,
16,
16,
16,
16,
16,
16,
16,
16,
16,
16,
16,
16,
16,
16,
16,
16,
16,
16,
16,
16,
16,
16,
7,
7,
