3,
4,
6,
6,
5,
10,
18,
18,
5,
18,
18,
18,
18,
18,
18,
18,
18,
1,
18,
18,
18,
18,
18,
18,
18,
18,
18,
18,
18,
18,
18,
18,
18,
18,
18,
18,
18,
18,
18,
18,
18,
18,
18,
18,
18,
18,
18,
18,
18,
18,
18,
18,
18,
18,
18,
18,
8,
18,
18,
18,
18,
18,
18,
18,
18,
18,
18,
18,
18,
18,
18,
18,
18,
18,
18,
18,
18,
18,
18,
18,
18,
18,
18,
18,
18,
18,
18,
18,
8,
18,
18,
18,
18,
18,
18,
18,
18,
18,
18,
18,
4,
18,
18,
18,
18,
18,
18,
18,
18,
18,
18,
18,
18,
18,
18,
18,
18,
18,
8,
18,
18,
18,
18,
18,
18,
18,
18,
18,
8,
18,
18,
18,
18,
18,
18,
18,
18,
18,
18,
18,
18,
18,
18,
18,
18,
18,
18,
18,
18,
18,
18,
18,
18,
18,
18,
18,
18,
18,
18,
18,
18,
18,
8,
18,
18,
18,
18,
18,
18,
18,
18,
18,
18,
18,
18,
18,
18,
18,
18,
18,
18,
18,
8,
18,
18,
18,
18,
18,
18,
18,
18,
18,
18,
18,
18,
18,
18,
18,
18,
18,
18,
18,
18,
18,
18,
18,
18,
18,
18,
18,
18,
18,
18,
18,
18,
18,
18,
18,
18,
18,
18,
18,
18,
18,
18,
18,
18,
18,
18,
18,
18,
18,
18,
18,
18,
17,
17,
17,
17,
17,
17,
17,
17,
17,
17,
17,
17,
17,
17,
17,
17,
17,
9,
17,
8,
3,
