4,
5,
4,
5,
2,
8,
16,
16,
3,
16,
5,
16,
16,
16,
16,
16,
8,
2,
16,
16,
16,
16,
16,
16,
16,
16,
5,
16,
16,
16,
16,
16,
16,
16,
16,
16,
16,
16,
16,
16,
16,
16,
16,
16,
16,
16,
16,
16,
16,
16,
16,
16,
16,
16,
16,
16,
8,
16,
16,
16,
16,
16,
16,
16,
16,
16,
16,
16,
16,
16,
16,
16,
16,
16,
16,
16,
16,
16,
16,
16,
16,
16,
5,
16,
16,
16,
16,
16,
16,
16,
16,
16,
16,
16,
16,
16,
16,
16,
16,
16,
8,
16,
16,
16,
16,
16,
16,
16,
16,
16,
16,
16,
8,
16,
16,
16,
16,
16,
16,
16,
16,
16,
16,
16,
16,
16,
16,
16,
8,
16,
16,
16,
16,
16,
16,
16,
16,
16,
16,
16,
5,
16,
16,
16,
16,
16,
8,
16,
16,
16,
16,
16,
8,
16,
16,
16,
16,
16,
16,
16,
16,
16,
16,
16,
16,
16,
16,
16,
16,
16,
16,
16,
16,
16,
7,
16,
16,
16,
16,
16,
16,
16,
16,
16,
16,
16,
8,
16,
16,
16,
16,
16,
16,
16,
16,
16,
16,
16,
16,
16,
16,
16,
16,
16,
16,
16,
16,
16,
16,
16,
16,
16,
16,
16,
16,
16,
16,
16,
16,
16,
16,
16,
16,
16,
16,
16,
16,
16,
16,
16,
16,
15,
15,
15,
15,
15,
15,
15,
15,
15,
15,
15,
15,
15,
15,
15,
15,
15,
15,
15,
15,
15,
15,
15,
7,
7,
