4,
7,
3,
4,
2,
15,
15,
15,
3,
15,
15,
15,
15,
15,
15,
15,
15,
4,
15,
15,
7,
15,
15,
15,
6,
15,
15,
15,
15,
15,
15,
15,
15,
15,
6,
15,
15,
15,
7,
15,
7,
15,
15,
15,
15,
15,
15,
15,
15,
15,
7,
15,
15,
15,
15,
15,
6,
15,
15,
15,
7,
15,
15,
15,
15,
15,
15,
15,
15,
15,
15,
15,
15,
15,
15,
15,
15,
15,
15,
15,
15,
15,
15,
15,
15,
15,
15,
15,
6,
15,
15,
15,
15,
15,
15,
15,
15,
15,
15,
15,
15,
15,
15,
15,
7,
15,
15,
15,
15,
15,
15,
15,
7,
15,
15,
15,
15,
15,
15,
15,
15,
15,
15,
15,
15,
15,
15,
15,
7,
15,
15,
15,
15,
15,
15,
15,
15,
15,
15,
15,
15,
15,
15,
15,
15,
15,
7,
15,
15,
15,
15,
15,
15,
15,
15,
15,
7,
15,
15,
15,
15,
15,
15,
15,
7,
15,
15,
15,
15,
15,
7,
15,
15,
15,
6,
15,
15,
15,
15,
15,
15,
15,
15,
15,
15,
15,
15,
15,
15,
15,
15,
15,
15,
15,
15,
15,
15,
15,
15,
15,
15,
15,
15,
15,
15,
15,
15,
15,
6,
15,
15,
15,
15,
15,
15,
15,
15,
15,
15,
15,
15,
14,
6,
14,
14,
14,
14,
14,
14,
14,
14,
14,
7,
14,
14,
14,
14,
14,
14,
14,
14,
14,
14,
14,
14,
14,
14,
14,
14,
14,
7,
14,
14,
14,
6,
4,
