6,
19,
4,
3,
2,
11,
19,
19,
2,
19,
6,
19,
19,
19,
19,
19,
6,
19,
19,
19,
19,
19,
19,
19,
19,
19,
7,
19,
19,
19,
19,
19,
19,
19,
19,
19,
19,
19,
19,
19,
19,
19,
19,
19,
19,
19,
19,
19,
19,
19,
19,
19,
19,
19,
19,
19,
10,
19,
19,
19,
19,
19,
19,
19,
19,
19,
19,
19,
6,
19,
19,
19,
19,
19,
19,
19,
19,
19,
19,
19,
19,
19,
6,
19,
6,
19,
19,
19,
19,
19,
19,
19,
19,
19,
6,
19,
6,
19,
19,
19,
6,
19,
19,
19,
19,
19,
19,
19,
19,
19,
19,
19,
6,
19,
19,
19,
19,
19,
19,
19,
19,
19,
19,
19,
19,
19,
19,
19,
10,
19,
19,
19,
19,
19,
19,
19,
19,
19,
19,
19,
6,
19,
19,
19,
19,
19,
10,
19,
19,
19,
19,
19,
10,
19,
19,
19,
19,
19,
19,
19,
19,
19,
19,
19,
19,
19,
19,
19,
19,
19,
19,
19,
19,
19,
10,
19,
19,
19,
19,
19,
5,
19,
19,
19,
19,
19,
10,
19,
6,
19,
19,
19,
19,
19,
19,
19,
19,
19,
19,
19,
5,
19,
19,
19,
19,
19,
19,
19,
19,
19,
19,
19,
19,
19,
19,
19,
19,
19,
6,
19,
19,
19,
19,
18,
18,
18,
6,
18,
18,
18,
18,
18,
18,
18,
18,
18,
18,
18,
18,
18,
18,
18,
18,
18,
18,
18,
18,
18,
18,
18,
18,
18,
18,
18,
6,
10,
