6,
17,
4,
2,
2,
9,
17,
17,
7,
17,
5,
17,
17,
17,
17,
17,
5,
17,
17,
17,
17,
17,
17,
17,
17,
17,
6,
17,
17,
17,
17,
17,
17,
17,
17,
17,
17,
17,
17,
17,
17,
17,
17,
17,
17,
17,
17,
17,
17,
17,
17,
6,
17,
17,
17,
17,
9,
17,
17,
17,
17,
17,
17,
17,
17,
17,
17,
17,
6,
17,
17,
17,
17,
17,
17,
17,
17,
17,
17,
17,
17,
17,
6,
17,
6,
17,
17,
17,
17,
17,
17,
17,
17,
17,
6,
17,
6,
17,
17,
17,
5,
17,
17,
17,
17,
17,
17,
17,
17,
17,
17,
17,
5,
17,
17,
17,
17,
17,
17,
17,
17,
17,
17,
17,
17,
17,
17,
17,
9,
17,
17,
17,
17,
17,
17,
17,
17,
17,
17,
17,
6,
17,
17,
17,
17,
17,
9,
17,
17,
17,
17,
17,
9,
17,
17,
17,
17,
17,
17,
17,
17,
17,
17,
17,
17,
17,
17,
17,
17,
17,
17,
17,
17,
17,
8,
17,
17,
17,
17,
17,
5,
17,
17,
17,
17,
17,
8,
17,
6,
17,
17,
17,
17,
17,
17,
17,
17,
17,
17,
17,
5,
17,
17,
17,
17,
17,
17,
17,
17,
17,
17,
17,
17,
17,
17,
17,
17,
17,
6,
17,
17,
17,
16,
16,
16,
16,
6,
16,
16,
16,
16,
16,
16,
16,
16,
16,
16,
16,
16,
16,
16,
16,
16,
16,
16,
16,
16,
16,
16,
16,
16,
16,
16,
16,
5,
8,
