5,
7,
4,
7,
3,
8,
8,
7,
2,
6,
11,
19,
6,
5,
6,
6,
6,
6,
5,
19,
7,
19,
19,
19,
19,
19,
8,
19,
19,
19,
19,
19,
19,
19,
9,
19,
10,
19,
8,
19,
19,
19,
10,
19,
10,
19,
19,
19,
19,
19,
9,
19,
19,
19,
19,
19,
8,
19,
9,
19,
19,
19,
9,
19,
10,
19,
19,
19,
19,
19,
19,
19,
10,
19,
8,
19,
10,
19,
19,
19,
7,
19,
10,
19,
19,
3,
19,
19,
19,
19,
8,
19,
9,
19,
10,
19,
10,
19,
19,
19,
19,
19,
19,
19,
6,
19,
19,
19,
10,
19,
10,
19,
19,
19,
8,
19,
19,
19,
9,
19,
10,
19,
9,
19,
19,
19,
7,
19,
7,
19,
19,
19,
7,
19,
19,
19,
19,
19,
10,
19,
8,
19,
10,
19,
19,
19,
19,
19,
8,
19,
9,
19,
19,
19,
8,
19,
8,
18,
18,
18,
18,
18,
10,
18,
18,
18,
18,
18,
9,
18,
10,
18,
18,
18,
7,
18,
18,
18,
7,
18,
8,
18,
18,
18,
18,
18,
18,
18,
18,
18,
8,
18,
9,
18,
18,
18,
18,
18,
18,
18,
18,
18,
18,
18,
18,
18,
18,
18,
8,
18,
9,
18,
18,
18,
18,
18,
9,
18,
18,
18,
18,
18,
18,
18,
10,
18,
9,
18,
10,
18,
10,
18,
18,
18,
18,
18,
18,
18,
18,
18,
18,
18,
8,
18,
18,
18,
8,
18,
7,
18,
9,
18,
18,
18,
8,
5,
