5,
19,
2,
8,
8,
9,
11,
7,
6,
6,
19,
19,
5,
4,
5,
6,
7,
7,
5,
19,
8,
19,
19,
19,
19,
19,
7,
19,
19,
19,
19,
19,
19,
19,
8,
19,
10,
19,
8,
19,
19,
19,
8,
19,
10,
19,
19,
19,
19,
19,
8,
7,
19,
19,
19,
19,
8,
19,
8,
19,
19,
19,
8,
19,
10,
19,
9,
19,
19,
19,
19,
19,
10,
19,
8,
19,
10,
19,
19,
19,
4,
19,
10,
19,
19,
7,
19,
19,
7,
19,
6,
19,
8,
19,
10,
19,
10,
19,
19,
19,
19,
19,
19,
19,
6,
19,
19,
19,
10,
19,
10,
19,
7,
19,
9,
19,
19,
19,
9,
19,
10,
19,
7,
19,
19,
19,
6,
19,
4,
19,
19,
19,
6,
19,
19,
19,
18,
18,
6,
18,
9,
18,
10,
18,
18,
18,
18,
18,
7,
18,
9,
18,
18,
18,
7,
18,
9,
18,
18,
18,
18,
18,
10,
18,
9,
18,
18,
18,
9,
18,
10,
18,
18,
18,
4,
18,
18,
18,
7,
18,
7,
18,
18,
18,
10,
18,
9,
18,
18,
18,
8,
18,
9,
18,
18,
18,
9,
18,
18,
18,
18,
18,
18,
18,
18,
18,
18,
18,
7,
18,
9,
18,
18,
18,
18,
18,
9,
18,
9,
18,
18,
18,
18,
18,
10,
18,
9,
18,
10,
18,
10,
18,
18,
18,
18,
18,
18,
18,
18,
18,
18,
18,
7,
18,
10,
18,
9,
18,
6,
18,
9,
18,
18,
18,
8,
7,
