5,
8,
5,
7,
2,
8,
9,
8,
2,
7,
10,
18,
6,
5,
6,
6,
6,
6,
5,
18,
8,
18,
18,
18,
18,
18,
8,
18,
18,
18,
18,
18,
18,
18,
9,
18,
10,
18,
9,
18,
18,
18,
10,
18,
10,
18,
18,
18,
18,
18,
9,
18,
18,
18,
18,
18,
8,
18,
9,
18,
18,
18,
9,
18,
10,
18,
18,
18,
18,
18,
18,
18,
10,
18,
8,
18,
10,
18,
18,
18,
8,
18,
10,
18,
18,
4,
18,
18,
18,
18,
8,
18,
9,
18,
10,
18,
10,
18,
18,
18,
18,
18,
18,
18,
6,
18,
18,
18,
10,
18,
10,
18,
18,
18,
9,
18,
18,
18,
9,
18,
10,
18,
9,
18,
18,
18,
7,
18,
8,
18,
18,
18,
7,
18,
18,
18,
18,
18,
9,
17,
8,
17,
10,
17,
17,
17,
17,
17,
8,
17,
9,
17,
17,
17,
8,
17,
8,
17,
17,
17,
17,
17,
10,
17,
9,
17,
17,
17,
9,
17,
10,
17,
17,
17,
8,
17,
17,
17,
8,
17,
8,
17,
17,
17,
10,
17,
9,
17,
17,
17,
8,
17,
9,
17,
17,
17,
9,
17,
17,
17,
17,
17,
17,
17,
17,
17,
17,
17,
8,
17,
8,
17,
17,
17,
17,
17,
9,
17,
9,
17,
17,
17,
17,
17,
10,
17,
9,
17,
10,
17,
10,
17,
17,
17,
17,
17,
17,
17,
17,
17,
17,
17,
8,
17,
10,
17,
8,
17,
8,
17,
9,
17,
17,
17,
8,
5,
