3,
5,
3,
4,
4,
6,
14,
14,
4,
14,
14,
14,
14,
14,
14,
14,
14,
2,
14,
14,
14,
14,
14,
14,
14,
14,
14,
14,
14,
14,
6,
14,
14,
14,
14,
14,
14,
14,
14,
14,
14,
14,
14,
14,
14,
14,
14,
14,
14,
14,
14,
14,
14,
14,
14,
14,
6,
14,
14,
14,
14,
14,
14,
14,
14,
14,
14,
14,
14,
14,
14,
14,
14,
14,
14,
14,
14,
14,
14,
14,
14,
14,
14,
14,
14,
14,
14,
14,
14,
14,
14,
14,
14,
14,
14,
14,
14,
14,
14,
14,
14,
14,
14,
14,
14,
14,
14,
14,
14,
14,
14,
14,
14,
14,
14,
14,
14,
14,
14,
14,
14,
14,
14,
14,
14,
14,
14,
14,
14,
14,
14,
14,
14,
14,
14,
14,
14,
14,
14,
14,
14,
14,
14,
14,
14,
14,
14,
14,
14,
14,
14,
14,
14,
14,
6,
14,
14,
14,
14,
14,
14,
14,
14,
14,
14,
14,
14,
14,
14,
14,
14,
14,
14,
14,
14,
14,
14,
14,
14,
14,
6,
14,
14,
14,
14,
14,
14,
14,
14,
14,
14,
14,
14,
14,
14,
14,
14,
14,
14,
14,
14,
14,
14,
14,
14,
14,
14,
14,
14,
14,
14,
14,
14,
14,
14,
14,
14,
14,
14,
14,
14,
14,
14,
14,
14,
14,
14,
14,
14,
14,
14,
14,
6,
14,
14,
14,
14,
13,
6,
13,
13,
13,
13,
13,
13,
13,
13,
13,
13,
13,
13,
13,
13,
13,
5,
3,
