5,
7,
4,
6,
6,
2,
3,
10,
8,
20,
20,
20,
7,
20,
20,
20,
20,
6,
20,
20,
7,
20,
20,
20,
6,
20,
20,
20,
20,
20,
20,
20,
7,
20,
20,
20,
20,
20,
6,
20,
20,
20,
20,
20,
20,
20,
20,
20,
11,
20,
7,
7,
20,
20,
20,
20,
6,
20,
20,
20,
20,
20,
7,
20,
6,
20,
20,
20,
20,
20,
20,
20,
20,
20,
20,
20,
20,
20,
20,
20,
7,
20,
6,
20,
20,
20,
7,
20,
20,
20,
20,
20,
20,
20,
5,
20,
20,
20,
20,
20,
6,
20,
20,
20,
20,
20,
5,
20,
12,
20,
20,
20,
20,
20,
20,
20,
11,
20,
20,
20,
20,
20,
7,
20,
12,
20,
20,
20,
20,
20,
6,
20,
20,
20,
6,
20,
12,
20,
20,
20,
6,
20,
20,
20,
20,
20,
7,
20,
6,
20,
6,
20,
20,
20,
6,
20,
20,
20,
20,
20,
7,
20,
12,
20,
7,
20,
20,
20,
7,
20,
20,
20,
20,
20,
20,
19,
5,
19,
7,
19,
6,
19,
19,
19,
19,
19,
19,
19,
12,
19,
19,
19,
19,
19,
7,
19,
12,
19,
19,
19,
19,
19,
6,
19,
11,
19,
19,
19,
19,
19,
19,
19,
19,
19,
19,
19,
11,
19,
19,
19,
12,
19,
19,
19,
19,
19,
19,
19,
19,
19,
19,
19,
6,
19,
12,
19,
19,
19,
10,
19,
19,
19,
8,
19,
10,
19,
19,
19,
12,
19,
19,
19,
6,
19,
12,
12,
