3,
7,
3,
3,
5,
15,
15,
15,
6,
15,
15,
15,
15,
15,
15,
15,
15,
4,
15,
15,
6,
15,
15,
15,
6,
15,
15,
15,
15,
15,
15,
15,
15,
15,
6,
15,
15,
15,
6,
15,
6,
15,
15,
15,
15,
15,
15,
15,
15,
15,
15,
5,
15,
15,
15,
15,
5,
15,
15,
15,
6,
15,
15,
15,
15,
15,
15,
15,
15,
15,
15,
15,
15,
15,
15,
15,
15,
15,
15,
15,
15,
15,
15,
15,
15,
15,
15,
15,
5,
15,
15,
15,
15,
15,
15,
15,
15,
15,
15,
15,
15,
15,
15,
15,
6,
15,
15,
15,
15,
15,
15,
15,
6,
15,
15,
15,
15,
15,
15,
15,
15,
15,
15,
15,
15,
15,
15,
15,
6,
15,
15,
15,
15,
15,
15,
15,
15,
15,
15,
15,
15,
15,
15,
15,
15,
15,
6,
15,
15,
15,
15,
15,
15,
15,
15,
15,
6,
15,
15,
15,
15,
15,
15,
15,
6,
15,
15,
15,
15,
15,
6,
15,
15,
15,
5,
15,
15,
15,
15,
15,
15,
15,
15,
15,
15,
15,
15,
15,
15,
15,
15,
15,
15,
15,
15,
15,
15,
15,
15,
15,
15,
15,
15,
15,
15,
15,
15,
15,
5,
15,
15,
15,
15,
15,
15,
15,
15,
15,
15,
15,
15,
14,
6,
14,
14,
14,
14,
14,
14,
14,
14,
14,
6,
14,
14,
14,
14,
14,
14,
14,
14,
14,
14,
14,
14,
14,
14,
14,
14,
14,
6,
14,
14,
14,
5,
4,
