5,
8,
5,
7,
2,
3,
4,
11,
2,
21,
21,
21,
8,
21,
21,
21,
21,
5,
21,
21,
8,
21,
21,
21,
7,
21,
21,
21,
21,
21,
21,
21,
8,
21,
21,
21,
21,
21,
7,
21,
21,
21,
21,
21,
21,
21,
21,
21,
21,
21,
8,
21,
21,
21,
21,
21,
7,
21,
21,
21,
21,
21,
8,
21,
7,
21,
21,
21,
21,
21,
21,
21,
21,
21,
21,
21,
21,
21,
21,
21,
8,
21,
7,
21,
21,
21,
8,
21,
21,
21,
21,
21,
21,
21,
7,
21,
21,
21,
21,
21,
7,
21,
21,
21,
21,
21,
7,
21,
21,
21,
21,
21,
21,
21,
21,
21,
13,
21,
21,
21,
21,
21,
8,
21,
21,
21,
21,
21,
21,
21,
7,
21,
21,
21,
7,
21,
21,
21,
21,
21,
7,
21,
21,
21,
21,
21,
8,
21,
7,
21,
7,
21,
21,
21,
7,
21,
21,
21,
21,
21,
8,
21,
21,
21,
8,
21,
21,
21,
8,
21,
21,
21,
21,
21,
21,
21,
7,
21,
8,
21,
7,
21,
21,
21,
21,
21,
21,
21,
21,
21,
21,
21,
21,
21,
8,
21,
21,
20,
20,
20,
20,
20,
7,
20,
20,
20,
20,
20,
20,
20,
20,
20,
20,
20,
20,
20,
12,
20,
20,
20,
20,
20,
20,
20,
20,
20,
20,
20,
20,
20,
20,
20,
7,
20,
20,
20,
20,
20,
12,
20,
20,
20,
9,
20,
12,
20,
20,
20,
20,
20,
20,
20,
7,
20,
12,
12,
