4,
7,
3,
8,
7,
8,
8,
7,
6,
6,
10,
18,
6,
4,
5,
5,
6,
6,
5,
18,
7,
18,
18,
18,
18,
18,
6,
18,
18,
18,
18,
18,
18,
18,
7,
18,
9,
18,
7,
18,
18,
18,
7,
18,
9,
18,
18,
18,
18,
18,
7,
6,
18,
18,
18,
18,
7,
18,
7,
18,
18,
18,
8,
18,
9,
18,
8,
18,
18,
18,
18,
18,
9,
18,
7,
18,
9,
18,
18,
18,
5,
18,
9,
18,
18,
5,
18,
18,
18,
18,
5,
18,
8,
18,
9,
18,
9,
18,
18,
18,
18,
18,
18,
18,
5,
18,
18,
18,
9,
18,
9,
18,
18,
18,
8,
18,
18,
18,
8,
18,
9,
18,
8,
18,
18,
18,
6,
18,
5,
18,
18,
18,
6,
18,
18,
18,
17,
17,
6,
17,
8,
17,
9,
17,
17,
17,
17,
17,
7,
17,
8,
17,
17,
17,
8,
17,
8,
17,
17,
17,
17,
17,
9,
17,
8,
17,
17,
17,
8,
17,
9,
17,
17,
17,
5,
17,
17,
17,
7,
17,
7,
17,
17,
17,
9,
17,
8,
17,
17,
17,
7,
17,
8,
17,
17,
17,
8,
17,
17,
17,
17,
17,
17,
17,
17,
17,
17,
17,
8,
17,
8,
17,
17,
17,
17,
17,
8,
17,
8,
17,
17,
17,
17,
17,
9,
17,
8,
17,
9,
17,
9,
17,
17,
17,
17,
17,
17,
17,
17,
17,
17,
17,
8,
17,
9,
17,
8,
17,
6,
17,
8,
17,
17,
17,
7,
5,
