4,
8,
3,
8,
7,
8,
9,
6,
6,
6,
11,
19,
5,
3,
5,
6,
6,
6,
5,
19,
7,
19,
19,
19,
19,
19,
7,
19,
19,
19,
19,
19,
19,
19,
7,
19,
10,
19,
8,
19,
19,
19,
8,
19,
10,
19,
19,
19,
19,
19,
7,
6,
19,
19,
19,
19,
8,
19,
7,
19,
19,
19,
8,
19,
10,
19,
8,
19,
19,
19,
19,
19,
10,
19,
8,
19,
10,
19,
19,
19,
6,
19,
10,
19,
19,
6,
19,
19,
7,
19,
6,
19,
8,
19,
10,
19,
10,
19,
19,
19,
19,
19,
19,
19,
6,
19,
19,
19,
10,
19,
10,
19,
7,
19,
8,
19,
19,
19,
9,
19,
10,
19,
6,
19,
19,
19,
6,
19,
5,
19,
19,
19,
5,
19,
18,
18,
18,
18,
6,
18,
8,
18,
10,
18,
18,
18,
18,
18,
6,
18,
9,
18,
18,
18,
6,
18,
8,
18,
18,
18,
18,
18,
10,
18,
9,
18,
18,
18,
9,
18,
10,
18,
18,
18,
6,
18,
18,
18,
6,
18,
6,
18,
18,
18,
10,
18,
9,
18,
18,
18,
8,
18,
9,
18,
18,
18,
9,
18,
18,
18,
18,
18,
18,
18,
18,
18,
18,
18,
6,
18,
8,
18,
18,
18,
18,
18,
9,
18,
9,
18,
18,
18,
18,
18,
10,
18,
9,
18,
10,
18,
10,
18,
18,
18,
18,
18,
18,
18,
18,
18,
18,
18,
6,
18,
10,
18,
8,
18,
6,
18,
9,
18,
18,
18,
8,
6,
