6,
20,
3,
4,
2,
20,
20,
20,
2,
20,
20,
20,
20,
20,
20,
20,
20,
8,
20,
20,
12,
20,
20,
20,
5,
20,
20,
20,
20,
20,
20,
20,
20,
20,
4,
20,
20,
20,
20,
20,
12,
20,
20,
20,
20,
20,
20,
20,
20,
20,
12,
20,
20,
20,
20,
20,
10,
20,
20,
20,
11,
20,
20,
20,
20,
20,
20,
20,
20,
20,
20,
20,
20,
20,
20,
20,
20,
20,
20,
20,
20,
20,
20,
20,
20,
20,
20,
20,
10,
20,
20,
20,
20,
20,
20,
20,
20,
20,
20,
20,
20,
20,
20,
20,
11,
20,
20,
20,
20,
20,
20,
20,
11,
20,
20,
20,
20,
20,
20,
20,
20,
20,
20,
20,
20,
20,
20,
20,
11,
20,
20,
20,
20,
20,
20,
20,
20,
20,
20,
20,
20,
20,
20,
20,
20,
20,
11,
20,
20,
20,
20,
20,
20,
20,
20,
20,
11,
20,
20,
20,
20,
20,
20,
20,
11,
20,
20,
20,
20,
20,
11,
20,
20,
20,
4,
20,
20,
20,
20,
20,
20,
20,
20,
20,
20,
20,
20,
20,
20,
20,
20,
20,
20,
20,
20,
20,
20,
20,
20,
20,
20,
20,
20,
20,
20,
20,
20,
20,
4,
20,
20,
20,
20,
20,
20,
20,
20,
20,
20,
20,
20,
20,
5,
20,
19,
19,
19,
19,
19,
19,
19,
19,
11,
19,
19,
19,
19,
19,
19,
19,
19,
19,
19,
19,
19,
19,
19,
19,
19,
19,
11,
19,
19,
19,
5,
8,
