6,
20,
4,
11,
2,
20,
12,
8,
2,
7,
20,
20,
6,
5,
4,
8,
8,
8,
5,
20,
6,
20,
20,
20,
20,
20,
6,
20,
20,
20,
20,
20,
20,
20,
9,
20,
12,
20,
6,
20,
20,
20,
10,
20,
12,
20,
20,
20,
20,
20,
9,
20,
20,
20,
20,
20,
10,
20,
9,
20,
20,
20,
7,
20,
11,
20,
10,
20,
20,
20,
20,
20,
11,
20,
6,
20,
11,
20,
20,
20,
6,
20,
11,
20,
20,
20,
20,
20,
9,
20,
8,
20,
6,
20,
11,
20,
11,
20,
20,
20,
20,
20,
20,
20,
6,
20,
20,
20,
11,
20,
11,
20,
9,
20,
10,
20,
20,
20,
11,
20,
11,
20,
8,
20,
20,
20,
6,
20,
6,
20,
20,
20,
7,
20,
20,
20,
20,
20,
8,
20,
10,
19,
11,
19,
19,
19,
19,
19,
8,
19,
11,
19,
19,
19,
8,
19,
10,
19,
19,
19,
19,
19,
11,
19,
11,
19,
19,
19,
11,
19,
11,
19,
19,
19,
6,
19,
19,
19,
8,
19,
8,
19,
19,
19,
11,
19,
11,
19,
19,
19,
10,
19,
11,
19,
19,
19,
11,
19,
19,
19,
19,
19,
19,
19,
19,
19,
19,
19,
8,
19,
10,
19,
19,
19,
19,
19,
11,
19,
11,
19,
19,
19,
19,
19,
11,
19,
11,
19,
11,
19,
11,
19,
19,
19,
19,
19,
19,
19,
19,
19,
19,
19,
8,
19,
11,
19,
10,
19,
6,
19,
11,
19,
19,
19,
10,
11,
