5,
8,
5,
7,
2,
4,
4,
9,
2,
21,
21,
21,
21,
21,
21,
21,
21,
3,
21,
21,
7,
21,
21,
21,
7,
21,
21,
21,
21,
21,
21,
21,
8,
21,
21,
21,
21,
21,
8,
21,
21,
21,
21,
21,
21,
21,
21,
21,
11,
21,
7,
21,
21,
21,
21,
21,
7,
21,
21,
21,
21,
21,
21,
21,
7,
21,
21,
21,
21,
21,
21,
21,
21,
21,
21,
21,
21,
21,
21,
21,
21,
21,
21,
21,
21,
21,
21,
21,
21,
21,
21,
21,
21,
21,
7,
21,
21,
21,
21,
21,
21,
21,
21,
21,
21,
21,
7,
21,
11,
21,
21,
21,
21,
21,
21,
21,
9,
21,
21,
21,
21,
21,
7,
21,
11,
21,
21,
21,
21,
21,
7,
21,
21,
21,
21,
21,
11,
21,
21,
21,
7,
21,
21,
21,
21,
21,
21,
21,
7,
21,
7,
21,
21,
21,
7,
21,
21,
21,
21,
21,
21,
21,
11,
21,
21,
21,
21,
21,
9,
21,
21,
21,
21,
21,
21,
21,
6,
21,
21,
21,
21,
21,
21,
21,
21,
21,
21,
21,
11,
21,
21,
21,
21,
21,
21,
21,
11,
20,
20,
20,
20,
20,
7,
20,
11,
20,
20,
20,
20,
20,
20,
20,
20,
20,
20,
20,
9,
20,
20,
20,
11,
20,
20,
20,
20,
20,
20,
20,
20,
20,
20,
20,
7,
20,
11,
20,
20,
20,
8,
20,
20,
20,
6,
20,
9,
20,
20,
20,
11,
20,
20,
20,
20,
20,
13,
12,
