4,
7,
4,
6,
7,
8,
8,
7,
6,
6,
17,
17,
5,
4,
4,
5,
5,
5,
4,
17,
7,
17,
17,
17,
17,
17,
6,
17,
17,
17,
17,
17,
17,
17,
7,
17,
9,
17,
7,
17,
17,
17,
7,
17,
9,
17,
17,
17,
17,
17,
7,
7,
17,
17,
17,
17,
7,
17,
7,
17,
17,
17,
8,
17,
9,
17,
8,
17,
17,
17,
17,
17,
9,
17,
7,
17,
9,
17,
17,
17,
7,
17,
9,
17,
17,
4,
17,
17,
17,
17,
7,
17,
8,
17,
9,
17,
9,
17,
17,
17,
17,
17,
17,
17,
5,
17,
17,
17,
9,
17,
9,
17,
17,
17,
8,
17,
17,
17,
8,
17,
9,
17,
8,
17,
17,
17,
6,
17,
7,
17,
17,
17,
6,
17,
17,
17,
17,
16,
8,
16,
8,
16,
9,
16,
16,
16,
16,
16,
7,
16,
8,
16,
16,
16,
7,
16,
7,
16,
16,
16,
16,
16,
9,
16,
8,
16,
16,
16,
8,
16,
9,
16,
16,
16,
7,
16,
16,
16,
7,
16,
7,
16,
16,
16,
9,
16,
8,
16,
16,
16,
7,
16,
8,
16,
16,
16,
8,
16,
16,
16,
16,
16,
16,
16,
16,
16,
16,
16,
7,
16,
7,
16,
16,
16,
16,
16,
8,
16,
8,
16,
16,
16,
16,
16,
9,
16,
8,
16,
9,
16,
9,
16,
16,
16,
16,
16,
16,
16,
16,
16,
16,
16,
7,
16,
9,
16,
7,
16,
6,
16,
8,
16,
16,
16,
7,
5,
