5,
21,
5,
5,
2,
4,
4,
10,
2,
21,
21,
21,
8,
21,
21,
21,
21,
6,
21,
21,
8,
21,
21,
21,
7,
21,
21,
21,
21,
21,
21,
21,
8,
21,
21,
21,
21,
21,
7,
21,
21,
21,
21,
21,
21,
21,
21,
21,
7,
21,
8,
21,
21,
21,
21,
21,
7,
21,
21,
21,
21,
21,
8,
21,
7,
21,
21,
21,
21,
21,
21,
21,
21,
21,
21,
21,
21,
21,
21,
21,
8,
21,
7,
21,
21,
21,
8,
21,
21,
21,
21,
21,
21,
21,
7,
21,
21,
21,
21,
21,
7,
21,
21,
21,
21,
21,
7,
21,
8,
21,
21,
21,
21,
21,
21,
21,
11,
21,
21,
21,
21,
21,
8,
21,
8,
21,
21,
21,
21,
21,
7,
21,
21,
21,
7,
21,
8,
21,
21,
21,
7,
21,
21,
21,
21,
21,
8,
21,
7,
21,
7,
21,
21,
21,
7,
21,
21,
21,
21,
21,
8,
21,
8,
21,
8,
21,
21,
21,
8,
21,
21,
21,
21,
21,
21,
21,
7,
21,
8,
20,
7,
20,
20,
20,
20,
20,
20,
20,
8,
20,
20,
20,
20,
20,
8,
20,
8,
20,
20,
20,
20,
20,
7,
20,
7,
20,
20,
20,
20,
20,
20,
20,
20,
20,
20,
20,
10,
20,
20,
20,
8,
20,
20,
20,
20,
20,
20,
20,
20,
20,
20,
20,
7,
20,
8,
20,
20,
20,
8,
20,
20,
20,
8,
20,
10,
20,
20,
20,
8,
20,
20,
20,
7,
20,
13,
12,
