6,
19,
4,
5,
4,
2,
3,
7,
7,
19,
19,
19,
9,
19,
19,
19,
19,
19,
19,
19,
8,
19,
19,
19,
6,
19,
19,
19,
19,
19,
19,
19,
8,
19,
19,
19,
19,
19,
7,
19,
19,
19,
19,
19,
19,
19,
19,
19,
7,
19,
8,
7,
19,
19,
19,
19,
7,
19,
19,
19,
19,
19,
8,
19,
6,
19,
19,
19,
19,
19,
19,
19,
19,
19,
19,
19,
19,
19,
19,
19,
8,
19,
7,
19,
19,
19,
8,
19,
19,
19,
19,
19,
19,
19,
6,
19,
19,
19,
19,
19,
7,
19,
19,
19,
19,
19,
5,
19,
8,
19,
19,
19,
19,
19,
19,
19,
7,
19,
19,
19,
19,
19,
8,
19,
8,
19,
19,
19,
19,
19,
6,
19,
19,
19,
7,
19,
8,
19,
19,
19,
7,
19,
19,
19,
19,
19,
8,
19,
7,
19,
7,
19,
19,
19,
6,
19,
19,
19,
19,
19,
8,
19,
8,
19,
8,
19,
19,
19,
6,
19,
19,
19,
19,
19,
19,
19,
5,
19,
8,
18,
6,
18,
18,
18,
18,
18,
18,
18,
8,
18,
18,
18,
18,
18,
8,
18,
8,
18,
18,
18,
18,
18,
7,
18,
7,
18,
18,
18,
18,
18,
18,
18,
18,
18,
18,
18,
7,
18,
18,
18,
8,
18,
18,
18,
18,
18,
18,
18,
18,
18,
18,
18,
7,
18,
8,
18,
18,
18,
6,
18,
18,
18,
5,
18,
7,
18,
18,
18,
8,
18,
18,
18,
7,
18,
11,
10,
